Time_sec,TDS_raw,Turbidity_raw,Flow_L_min
0,917,2288,0.93
1,915,2315,0.80
2,896,2311,0.93
3,889,2299,0.93
4,894,2384,0.80
5,870,2325,0.80
6,874,2343,0.80
7,878,2358,0.67
8,880,2363,0.67
9,882,2388,0.67
10,903,2491,0.67
11,903,2391,0.80
12,909,2549,0.67
13,910,2549,0.67
14,909,2559,0.67
15,898,2608,0.67
16,912,2587,0.80
17,900,2541,0.67
18,920,2529,0.67
19,922,2512,0.67
20,913,2449,0.67
21,923,2441,0.67
22,921,2270,0.67
23,926,2384,0.67
24,937,2550,0.80
25,944,2559,0.67
26,958,2523,0.67
27,977,2528,0.67
28,987,2549,0.67
29,1005,2547,0.67
30,1004,2553,0.67
31,998,2559,0.67
32,983,2551,0.67
33,989,2544,0.67
34,994,2554,0.67
35,1007,2611,0.67
36,993,2677,0.80
37,977,2661,0.67
38,992,2675,0.67
39,982,2630,0.67
40,970,2512,0.67
41,986,2498,0.67
42,970,2465,0.67
43,971,2448,0.67
44,983,2448,0.67
45,979,2442,0.67
46,976,2466,0.67
47,971,2480,0.67
48,978,2471,0.67
49,959,2509,0.67
50,988,2512,0.80
51,969,2523,0.67
52,976,2534,0.53
53,988,2491,0.67
54,981,2503,0.80
55,974,2506,0.67
56,975,2511,0.67
57,990,2515,0.67
58,976,2517,0.67
59,998,2512,0.67
60,976,2534,0.67
61,975,2559,0.67
62,1006,2559,0.67
63,976,2654,0.67
64,981,2559,0.67
65,991,2559,0.67
66,991,2541,0.67
67,973,2546,0.67
68,988,2545,0.67
69,975,2534,0.67
70,973,2535,0.67
71,965,2610,0.67
72,961,2539,0.80
73,963,2590,0.67
74,961,2545,0.67
75,963,2300,0.67
76,957,2385,0.67
77,967,2384,0.67
78,960,2417,0.67
79,974,2422,0.67
80,960,2352,0.67
81,960,2291,0.67
82,966,2299,0.67
83,969,2306,0.67
84,966,2338,0.67
85,971,2768,0.67
86,955,2832,0.67
87,951,2855,0.67
88,963,2855,0.67
89,962,2864,0.67
90,962,2871,0.67
91,955,2874,0.67
92,961,2882,0.67
93,947,2896,0.67
94,960,2881,0.67
95,959,2861,0.67
96,969,2865,0.67
97,966,2862,0.67
98,963,2864,0.67
99,967,2855,0.80
100,946,2864,0.67
101,960,2861,0.67
102,950,2838,0.67
103,955,2861,0.67
104,957,2864,0.67
105,946,2859,0.67
106,945,2866,0.67
107,951,2861,0.67
108,957,2846,0.67
109,960,2864,0.80
110,973,2864,0.67
111,970,2865,0.67
112,976,2866,0.53
113,965,2879,0.40
114,973,2873,0.53
115,967,2877,0.40
116,969,2876,0.40
117,970,2855,0.40
118,988,2869,0.27
119,976,2863,0.27
120,983,2874,0.40
121,982,2863,0.27
122,1004,2870,0.27
123,1005,2845,0.27
124,1006,2850,0.27
125,1035,2843,0.27
126,985,2149,0.27
127,986,1988,0.13
128,994,2209,0.00
129,983,2193,0.00
130,990,2260,0.00
131,994,2272,0.00
132,979,3063,0.00
133,983,3089,0.00
134,989,3120,0.00
135,991,3120,0.00
136,986,3120,0.00
137,991,3120,0.00
138,989,3121,0.00
139,985,3119,0.00
140,989,3118,0.00
141,984,3125,0.00
142,981,3120,0.00
143,981,3120,0.00
144,979,3121,0.00
145,981,3120,0.00
146,990,3129,0.27
147,986,3120,0.27
148,990,3120,0.00
149,987,3101,0.00
150,986,3123,0.00
151,981,3115,0.13
152,1006,3110,0.13
153,993,3110,0.00
154,992,3120,0.27
155,994,3071,0.27
156,1008,2066,0.27
157,1006,1911,0.13
158,1008,2047,0.13
159,1009,1861,0.00
160,1003,1845,0.00
161,1011,2559,0.13
162,1010,2704,0.00
163,1003,2724,0.00
164,1008,2706,0.00
165,1008,2725,0.00
166,1008,2761,0.00
167,1008,1872,0.00
168,1006,1862,0.00
169,1001,2081,0.00
170,992,1863,0.00
171,1009,2155,0.00
172,1003,1986,0.13
173,1002,2192,0.13
174,1008,2064,0.13
175,1006,2133,0.13
176,999,2128,0.13
177,1006,2047,0.13
178,997,2197,0.13
179,998,2197,0.13
180,1006,2061,0.13
181,997,2075,0.13
182,1007,2144,0.13
183,999,2169,0.13
184,997,2179,0.13
185,999,2275,0.13
186,994,2292,0.13
187,997,2275,0.13
188,993,2278,0.13
189,997,2244,0.13
190,999,2311,0.00
191,995,2291,0.13
192,993,2276,0.27
193,990,2275,0.13
194,994,2288,0.13
195,997,2278,0.13
196,989,2314,0.13
197,993,2413,0.13
198,986,2461,0.13
199,986,2454,0.13
200,981,2228,0.00
201,983,2235,0.13
202,982,2384,0.13
203,981,2391,0.13
204,983,2394,0.13
205,986,2386,0.13
206,985,2363,0.13
207,989,2384,0.13
208,983,2374,0.13
209,982,2384,0.13
210,989,2373,0.13
211,988,2363,0.13
212,982,2395,0.13
213,989,2391,0.00
214,989,2390,0.13
215,985,2377,0.13
216,981,2384,0.13
217,981,2371,0.13
218,971,2455,0.13
219,981,2477,0.13
220,983,2367,0.00
221,976,2490,0.13
222,983,2362,0.13
223,976,2355,0.13
224,977,2351,0.13
225,983,2319,0.13
226,979,2474,0.00
227,978,2359,0.13
228,980,2406,0.13
229,983,2448,0.13
230,979,2477,0.13
231,975,2528,0.13
232,974,2559,0.00
233,981,2559,0.13
234,977,2559,0.13
235,976,2466,0.13
236,981,2467,0.13
237,985,2477,0.13
238,978,2474,0.13
239,977,2480,0.00
240,976,2482,0.13
241,971,2490,0.13
242,976,2469,0.13
243,975,2467,0.00
244,971,2487,0.13
245,975,2317,0.13
246,975,2287,0.13
247,976,2189,0.13
248,972,2339,0.00
249,963,2470,0.13
250,976,2539,0.00
251,976,2586,0.00
252,976,2319,0.13
253,967,2197,0.13
254,970,2291,0.00
255,976,2337,0.13
256,976,2379,0.13
257,975,2173,0.13
258,973,2275,0.00
259,976,2194,0.13
260,974,2387,0.00
261,976,2320,0.00
262,969,2291,0.13
263,975,2274,0.13
264,970,2458,0.13
265,971,2303,0.13
266,967,2330,0.00
267,969,2466,0.13
268,969,2345,0.13
269,976,2383,0.13
270,967,2375,0.00
271,964,2519,0.13
272,973,2480,0.13
273,963,2405,0.13
274,975,2368,0.13
275,971,2151,0.00
276,967,2880,0.13
277,971,2918,0.13
278,969,2384,0.00
279,961,2439,0.13
280,973,2421,0.13
281,973,2415,0.13
282,961,2544,0.13
283,967,2733,0.00
284,957,2714,0.13
285,965,2766,0.13
286,962,2672,0.13
287,965,2704,0.13
288,962,2723,0.13
289,974,2732,0.13
290,961,2734,0.00
291,957,2735,0.00
292,964,2736,0.00
293,964,2729,0.00
294,967,2667,0.00
295,957,2735,0.13
296,958,2704,0.00
297,959,3036,0.13
298,965,2975,0.00
299,955,2783,0.13
300,960,2833,0.13
301,961,2756,0.13
302,959,2825,0.13
303,975,2812,0.00
304,961,2832,0.13
305,964,2816,0.13
306,958,2833,0.00
307,963,2500,0.13
308,964,2810,0.13
309,954,2821,0.00
310,961,2831,0.13
311,962,2830,0.13
312,960,2832,0.00
313,965,2832,0.00
314,956,2829,0.00
315,963,2840,0.00
316,959,2831,0.00
317,965,2661,0.00
318,960,2710,0.13
319,965,2736,0.13
320,958,2737,0.13
321,969,2735,0.00
322,956,2734,0.00
323,957,2737,0.00
324,959,2731,0.13
325,955,2731,0.13
326,956,2690,0.00
327,959,2699,0.13
328,951,2699,0.00
329,965,2368,0.13
330,965,2431,0.13
331,951,2448,0.13
332,962,2430,0.00
333,960,2422,0.13
334,960,2475,0.13
335,957,2470,0.13
336,963,2425,0.00
337,957,2351,0.13
338,957,2250,0.00
339,957,2310,0.13
340,965,2303,0.00
341,951,2318,0.13
342,953,2585,0.13
343,965,2621,0.00
344,961,2635,0.13
345,955,2630,0.00
346,954,2538,0.00
347,953,2528,0.13
348,950,2539,0.00
349,963,2533,0.13
350,961,1937,0.13
351,965,2002,0.00
352,962,2066,0.00
353,957,2090,0.00
354,957,2135,0.00
355,967,2117,0.00
356,954,2100,0.00
357,961,2007,0.00
358,957,2054,0.00
359,956,2061,0.00
360,953,2063,0.00
361,966,2134,0.00
362,959,2130,0.00
363,955,2131,0.00
364,957,2145,0.00
365,958,2178,0.00
366,960,2194,0.00
367,953,2337,0.00
368,957,2334,0.00
369,962,2199,0.00
370,960,2203,0.00
371,953,2263,0.00
372,962,2198,0.00
373,959,2307,0.00
374,962,2321,0.00
375,955,2198,0.00
376,947,2365,0.00
377,953,2439,0.00
378,956,2479,0.00
379,954,2511,0.00
380,954,2583,0.00
381,949,2608,0.00
382,954,2741,0.00
383,950,2761,0.00
384,946,2765,0.00
385,946,2736,0.00
386,944,2722,0.00
387,943,2762,0.00
388,940,2549,0.00
389,940,2633,0.00
390,939,2629,0.00
391,943,2559,0.00
392,945,2559,0.00
393,950,2559,0.00
394,950,2552,0.00
395,945,2559,0.13
396,947,2556,0.00
397,950,2559,0.00
398,946,2559,0.00
399,955,2559,0.00
400,947,2559,0.00
401,950,2608,0.00
402,949,2472,0.00
403,949,2259,0.00
404,955,2295,0.00
405,955,2247,0.00
406,959,1776,0.00
407,960,1763,0.00
408,949,1748,0.00
409,944,1680,0.00
410,953,1733,0.00
411,914,1712,0.00
412,1006,1713,0.00
413,997,1731,0.13
414,987,1712,0.00
415,981,1708,0.00
416,977,1709,0.00
417,1185,1723,0.00
418,1179,1719,0.00
419,1172,1728,0.13
420,1199,1730,0.00
421,1211,1728,0.00
422,959,1698,0.00
423,944,1735,0.00
424,927,1712,0.00
425,912,1706,0.00
426,875,1715,0.00
427,919,1680,0.00
428,917,1723,0.00
429,945,1729,0.13
430,923,1709,0.00
431,928,1725,0.00
432,930,1724,0.00
433,938,1726,0.13
434,949,1726,0.13
435,1137,1727,0.00
436,983,1717,0.13
437,944,1734,0.00
438,973,1725,0.13
439,943,1727,0.00
440,934,1729,0.13
441,942,1719,0.00
442,1297,1658,0.00
443,1171,1727,0.00
444,969,1729,0.00
445,979,1725,0.00
446,933,1715,0.13
447,940,1701,0.00
448,953,1560,0.00
449,963,1491,0.00
450,1072,1509,0.00
451,1047,1454,0.00
452,1049,1439,0.13
453,1047,1468,0.00
454,1040,1423,0.00
455,1044,1436,0.13
456,1040,1466,0.00
457,1039,1452,0.00
458,1041,1463,0.00
459,1040,1429,0.13
460,1046,1408,0.00
461,1041,1434,0.00
462,1061,1447,0.13
463,1060,1456,0.00
464,1051,1502,0.00
465,1168,1493,0.13
466,958,1661,0.00
467,958,1680,0.00
468,926,1682,0.00
469,926,1695,0.00
470,919,1696,0.00
471,914,1685,0.00
472,938,1707,0.00
473,912,1703,0.13
474,912,1702,0.00
475,912,1698,0.00
476,909,1704,0.00
477,912,1702,0.13
478,918,1702,0.00
479,911,1701,0.27
480,912,1705,0.13
481,912,1702,0.27
482,913,1699,0.13
483,913,1703,0.13
484,910,1710,0.13
485,908,1714,0.13
486,907,1708,0.13
487,901,1703,0.13
488,902,1717,0.13
489,912,1712,0.13
490,905,1712,0.27
491,907,1712,0.13
492,906,1718,0.13
493,906,1715,0.27
494,911,1717,0.13
495,907,1715,0.13
496,906,1706,0.27
497,907,1707,0.13
498,907,1699,0.13
499,906,1701,0.13
500,900,1705,0.27
501,897,1705,0.13
502,903,1697,0.13
503,903,1704,0.27
504,900,1712,0.13
505,902,1708,0.27
506,906,1706,0.13
507,896,1706,0.13
508,907,1703,0.13
509,899,1707,0.13
510,901,1708,0.13
511,897,1709,0.13
512,894,1703,0.27
513,899,1699,0.13
514,893,1709,0.13
515,897,1706,0.13
516,896,1717,0.13
517,895,1712,0.27
518,893,1714,0.13
519,899,1711,0.13
520,899,1705,0.13
521,897,1706,0.13
522,887,1707,0.13
523,897,1708,0.27
524,895,1704,0.13
525,896,1703,0.13
526,891,1704,0.13
527,901,1705,0.13
528,898,1700,0.13
529,893,1709,0.13
530,896,1706,0.27
531,902,1699,0.13
532,897,1706,0.13
533,894,1700,0.13
534,889,1706,0.13
535,896,1701,0.13
536,896,1705,0.13
537,894,1710,0.13
538,896,1707,0.13
539,895,1702,0.27
540,893,1707,0.13
541,889,1712,0.13
542,893,1712,0.13
543,891,1703,0.13
544,891,1712,0.13
545,894,1712,0.13
546,887,1710,0.13
547,896,1709,0.13
548,893,1711,0.13
549,894,1713,0.13
550,890,1712,0.27
551,891,1714,0.13
552,889,1712,0.13
553,883,1707,0.13
554,892,1712,0.13
555,892,1712,0.13
556,887,1707,0.13
557,880,1711,0.13
558,896,1712,0.13
559,887,1702,0.13
560,879,1710,0.13
561,889,1711,0.13
562,887,1708,0.13
563,889,1715,0.13
564,885,1712,0.13
565,885,1712,0.13
566,875,1722,0.13
567,895,1712,0.27
568,887,1719,0.00
569,891,1714,0.13
570,885,1712,0.13
571,887,1718,0.13
572,891,1709,0.13
573,891,1712,0.27
574,886,1707,0.13
575,894,1722,0.13
576,882,1710,0.13
577,893,1710,0.13
578,886,1710,0.13
579,890,1710,0.13
580,889,1706,0.13
581,895,1710,0.13
582,885,1705,0.13
583,889,1706,0.13
584,894,1701,0.13
585,893,1703,0.13
586,880,1705,0.13
587,881,1703,0.13
588,925,1699,0.13
589,134,1707,0.13
590,1104,1696,0.13
591,1130,1696,0.13
592,1152,1669,0.13
593,1328,1535,0.13
594,1344,1461,0.13
595,1351,1590,0.13
596,1355,1503,0.13
597,1354,1457,0.13
598,1349,1435,0.13
599,1349,1445,0.13
600,1347,1571,0.13
601,1347,1574,0.13
602,1350,1573,0.13
603,1350,1563,0.13
604,1353,1535,0.13
605,1337,1519,0.13
606,1351,1440,0.13
607,1349,1458,0.27
608,1339,1471,0.13
609,1338,1445,0.13
610,1341,1488,0.13
611,1357,1571,0.13
612,1231,1611,0.13
613,1104,1680,0.13
614,1098,1697,0.13
615,1102,1691,0.13
616,1101,1697,0.00
617,1104,1696,0.13
618,1114,1698,0.13
619,1104,1698,0.00



