Time_sec,TDS_raw,Turbidity_raw,Flow_L_min
0,1712,2757,0.00
1,1712,2746,0.00
2,1717,2750,0.00
3,1715,2755,0.00
4,1712,2736,0.00
5,1715,2735,0.00
6,1710,2678,0.00
7,1747,2805,0.00
8,1760,2677,0.00
9,1731,2656,0.00
10,1730,2769,0.00
11,1719,2779,0.00
12,1712,2653,0.00
13,1695,2764,0.00
14,1659,2753,0.00
15,1648,2645,0.00
16,1617,2640,0.00
17,1587,2640,0.00
18,1578,2638,0.00
19,1535,2671,0.00
20,1530,2645,0.00
21,1521,2651,0.00
22,1504,2658,0.00
23,1502,2659,0.00
24,1494,2660,0.00
25,1487,2665,0.00
26,1461,2666,0.00
27,1470,2755,0.00
28,1459,2652,0.00
29,1454,2657,0.00
30,1442,2653,0.00
31,1450,2655,0.00
32,1446,2662,0.00
33,1428,2672,0.00
34,1427,2652,0.00
35,1426,2663,0.00
36,1425,2643,0.13
37,1425,2668,0.00
38,1412,2671,0.00
39,1405,2667,0.00
40,1408,2659,0.00
41,1405,2656,0.00
42,1393,2665,0.00
43,1392,2661,0.00
44,1387,2635,0.00
45,1392,2759,0.00
46,1366,2646,0.00
47,1383,2662,0.00
48,1382,2668,0.00
49,1372,2658,0.00
50,1370,2654,0.00
51,1365,2640,0.13
52,1369,2730,0.00
53,1338,2725,0.13
54,1296,2721,0.27
55,1298,2673,0.13
56,1302,2638,0.40
57,1294,2626,0.67
58,1294,2639,0.53
59,1301,2626,0.67
60,1310,2640,0.53
61,1322,2639,0.67
62,1330,2631,0.53
63,1328,2647,0.67
64,1328,2626,0.53
65,1339,2617,0.67
66,1344,2637,0.67
67,1350,2640,0.53
68,1350,2645,0.53
69,1360,2643,0.67
70,1376,2647,0.53
71,1360,2645,0.53
72,1361,2733,0.53
73,1367,2656,0.67
74,1374,2645,0.53
75,1377,2642,0.53
76,1374,2634,0.40
77,1387,2646,0.53
78,1383,2647,0.53
79,1396,2826,0.53
80,1386,2892,0.53
81,1392,2851,0.53
82,1386,2938,0.53
83,1392,2938,0.53
84,1404,2914,0.53
85,1405,2886,0.53
86,1394,2865,0.40
87,1391,2832,0.53
88,1391,2800,0.53
89,1397,2858,0.53
90,1397,2871,0.53
91,1395,2847,0.53
92,1393,2768,0.40
93,1392,2654,0.53
94,1403,2641,0.53
95,1391,2637,0.40
96,1393,2626,0.53
97,1401,2637,0.53
98,1411,2640,0.40
99,1406,2645,0.53
100,1408,2637,0.40
101,1399,2640,0.40
102,1402,2637,0.40
103,1398,2624,0.40
104,1404,2431,0.27
105,1394,2466,0.27
106,1398,2492,0.27
107,1405,2512,0.13
108,1389,2421,0.40
109,1389,2399,0.27
110,1402,2514,0.27
111,1380,2407,0.27
112,1389,2457,0.27
113,1387,2465,0.27
114,1381,2462,0.27
115,1387,2672,0.27
116,1383,2677,0.13
117,1379,2686,0.13
118,1392,2856,0.27
119,1375,2866,0.27
120,1376,2809,0.27
121,1369,2805,0.27
122,1375,2758,0.27
123,1376,2741,0.27
124,1375,2736,0.27
125,1371,2816,0.27
126,1373,2781,0.13
127,1367,2761,0.27
128,1363,2775,0.13
129,1362,2781,0.27
130,1360,2828,0.13
131,1360,2928,0.27
132,1360,2842,0.27
133,1363,2799,0.27
134,1360,2838,0.27
135,1351,2947,0.27
136,1367,2957,0.27
137,1361,2951,0.27
138,1354,2922,0.27
139,1350,2891,0.27
140,1355,2903,0.27
141,1360,2905,0.13
142,1353,2899,0.27
143,1351,2893,0.27
144,1354,2831,0.27
145,1345,2785,0.13
146,1346,2659,0.27
147,1360,2608,0.27
148,1345,2446,0.27
149,1346,2457,0.27
150,1346,2608,0.27
151,1337,2877,0.13
152,1344,2544,0.27
153,1344,2515,0.27
154,1332,2511,0.27
155,1337,2503,0.13
156,1335,2765,0.27
157,1344,2549,0.27
158,1334,2543,0.13
159,1342,2590,0.13
160,1333,2496,0.00
161,1330,2512,0.27
162,1330,2508,0.13
163,1337,2559,0.27
164,1340,2559,0.00
165,1328,2745,0.27
166,1335,2896,0.13
167,1335,2915,0.13
168,1328,2923,0.27
169,1322,2925,0.13
170,1331,2903,0.00
171,1324,2850,0.00
172,1317,2883,0.00
173,1327,2611,0.00
174,1321,2608,0.13
175,1317,2514,0.13
176,1328,2619,0.13
177,1318,2535,0.13
178,1315,2518,0.00
179,1323,2517,0.13
180,1318,2825,0.13
181,1315,2835,0.13
182,1328,2845,0.00
183,1315,2847,0.00
184,1319,2854,0.00
185,1312,2862,0.00
186,1307,2863,0.00
187,1311,2823,0.00
188,1297,2846,0.00
189,1302,2860,0.13
190,1299,2853,0.00
191,1303,2846,0.27
192,1302,2800,0.13
193,1298,2799,0.27
194,1311,2655,0.27
195,1309,2795,0.13
196,1307,2813,0.27
197,1301,2812,0.13
198,1297,2838,0.00
199,1302,2837,0.00
200,1308,2832,0.00
201,1299,2833,0.00
202,1296,2829,0.00
203,1297,2817,0.00
204,1296,2823,0.13
205,1296,2837,0.13
206,1296,2834,0.00
207,1293,2836,0.00
208,1298,2826,0.00
209,1294,2828,0.00
210,1295,2811,0.13
211,1293,2784,0.00
212,1291,2499,0.00
213,1296,2761,0.00
214,1291,2787,0.00
215,1282,2799,0.00
216,1285,2800,0.13
217,1285,2803,0.13
218,1286,2800,0.13
219,1273,2775,0.27
220,1271,2719,0.13
221,1276,2527,0.00
222,1268,2415,0.00
223,1283,2384,0.00
224,1279,2388,0.00
225,1279,2391,0.00
226,1282,2395,0.13
227,1275,2407,0.13
228,1278,2407,0.13
229,1279,2435,0.13
230,1274,2445,0.27
231,1275,2448,0.00
232,1268,2692,0.13
233,1274,2607,0.13
234,1268,2637,0.13
235,1318,2643,0.13
236,1279,2490,0.13
237,1281,2483,0.27
238,1276,2487,0.13
239,1294,2845,0.40
240,1266,2688,0.27
241,1271,2559,0.13
242,1269,2525,0.13
243,1264,2503,0.13
244,1264,2481,0.27
245,1266,2510,0.13
246,1261,2559,0.27
247,1265,2605,0.13
248,1270,2631,0.27
249,1270,2676,0.13
250,1271,2467,0.27
251,1264,2711,0.27
252,1264,2869,0.27
253,1255,2886,0.13
254,1260,2905,0.27
255,1263,2718,0.13
256,1247,2640,0.27
257,1262,2559,0.13
258,1263,2651,0.40
259,1273,2615,0.13
260,1264,2673,0.27
261,1261,2671,0.13
262,1259,2607,0.13
263,1259,2619,0.13
264,1249,2624,0.27
265,1249,2621,0.27
266,1255,2608,0.13
267,1255,2609,0.13
268,1249,2601,0.27
269,1253,2603,0.13
270,1259,2594,0.27
271,1253,2586,0.27
272,1262,2661,0.13
273,1262,2671,0.27
274,1244,2612,0.13
275,1252,2795,0.00
276,1250,2701,0.13
277,1245,2702,0.13
278,1234,2795,0.00
279,1245,2827,0.00
280,1250,2739,0.00
281,1257,2726,0.00
282,1247,2559,0.00
283,1249,2541,0.00
284,1248,2501,0.00
285,1232,2605,0.00
286,1246,2771,0.00
287,1238,2800,0.00
288,1233,2501,0.13
289,1237,2507,0.13
290,1243,2501,0.13
291,1240,2512,0.00
292,1236,2749,0.00
293,1246,2528,0.13
294,1243,2726,0.13
295,1231,2559,0.13
296,1230,2779,0.27
297,1230,2730,0.13
298,1230,2639,0.27
299,1228,2646,0.13
300,1232,2673,0.13
301,1233,2623,0.27
302,1236,2616,0.13
303,1232,2598,0.13
304,1227,2655,0.13
305,1231,2655,0.27
306,1227,2691,0.13
307,1229,2724,0.13
308,1219,2705,0.13
309,1227,2699,0.13
310,1232,2726,0.13
311,1232,2701,0.13
312,1222,2689,0.13
313,1227,2767,0.00
314,1220,2812,0.13
315,1230,2767,0.13
316,1221,2688,0.00
317,1228,2715,0.00
318,1230,2688,0.13
319,1227,2624,0.00
320,1217,2644,0.00
321,1223,2670,0.00
322,1221,2649,0.00
323,1229,2738,0.00
324,1221,2663,0.13
325,1213,2679,0.13
326,1227,2672,0.00
327,1230,2603,0.00
328,1219,2611,0.13
329,1237,2699,0.13
330,1203,2632,0.13
331,1213,2559,0.27
332,1217,2665,0.13
333,1216,2669,0.00
334,1218,2679,0.13
335,1216,2672,0.13
336,1211,2688,0.13
337,1210,2722,0.00
338,1206,2737,0.00
339,1217,2723,0.00
340,1199,2768,0.00
341,1206,2765,0.00
342,1200,2794,0.00
343,1213,2746,0.00
344,1206,2732,0.00
345,1217,2753,0.00
346,1203,2727,0.00
347,1203,2914,0.00
348,1198,2880,0.00
349,1202,2850,0.13
350,1193,2783,0.27
351,1197,2896,0.13
352,1200,2902,0.13
353,1200,2911,0.13
354,1202,2874,0.00
355,1210,2853,0.13
356,1200,2832,0.00
357,1202,2781,0.00
358,1192,2747,0.13
359,1199,2763,0.13
360,1192,2767,0.13
361,1186,2775,0.00
362,1200,2717,0.13
363,1202,2710,0.13
364,1200,2759,0.00
365,1200,2769,0.27
366,1200,2757,0.27
367,1190,2769,0.13
368,1186,2710,0.13
369,1189,2729,0.27
370,1180,2734,0.27
371,1178,2739,0.27
372,1185,2739,0.27
373,1183,2708,0.27
374,1185,2722,0.27
375,1186,2554,0.27
376,1186,2512,0.27
377,1189,2493,0.27
378,1181,2510,0.13
379,1182,2510,0.27
380,1179,2512,0.27
381,1179,2544,0.27
382,1168,2599,0.27
383,1187,2512,0.27
384,1179,2500,0.27
385,1187,2637,0.27
386,1181,2640,0.27
387,1175,2643,0.27
388,1175,2668,0.27
389,1170,2667,0.13
390,1174,2796,0.27
391,1171,2674,0.40
392,1175,2660,0.27
393,1170,2684,0.27
394,1175,2676,0.27
395,1178,2683,0.27
396,1171,2734,0.27
397,1173,2743,0.27
398,1180,2742,0.27
399,1184,2742,0.27
400,1162,2736,0.13
401,1168,2739,0.27
402,1165,2739,0.13
403,1168,2640,0.27
404,1214,2640,0.27
405,1179,2614,0.27
406,1245,2596,0.27
407,1226,2614,0.27
408,1109,2596,0.27
409,1181,2608,0.27
410,1206,2583,0.27
411,1213,2559,0.27
412,1214,2559,0.27
413,1209,2549,0.27
414,1203,2546,0.27
415,1209,2535,0.27
416,1189,2559,0.27
417,1205,2535,0.13
418,1211,2631,0.27
419,1219,2627,0.27
420,1232,2604,0.13
421,1221,2598,0.27
422,1232,2602,0.27
423,1232,2609,0.13
424,1223,2621,0.40
425,1216,2608,0.27
426,1221,2640,0.27
427,1231,3035,0.13
428,1229,3037,0.27
429,1227,2866,0.27
430,1229,2525,0.27
431,1226,2452,0.27
432,1221,2345,0.13
433,1232,2334,0.27
434,1235,2895,0.27
435,1227,2524,0.13
436,1226,2559,0.27
437,1215,2727,0.13
438,1226,2795,0.27
439,1222,2830,0.27
440,1226,2781,0.27
441,1210,2624,0.27
442,1213,2779,0.27
443,1207,2699,0.27
444,1170,2694,0.27
445,1206,2503,0.13
446,1200,2475,0.27
447,1168,2383,0.13
448,1186,2613,0.27
449,1182,2511,0.27
450,1168,2619,0.27
451,1158,2710,0.27
452,1157,2637,0.27
453,1168,2623,0.27
454,1199,2647,0.13
455,1196,2803,0.27
456,1201,2594,0.13
457,1209,2373,0.13
458,1212,2434,0.13
459,1202,2477,0.13
460,1164,2474,0.13
461,1150,2799,0.13
462,1147,2626,0.13
463,1142,2585,0.27
464,1152,2513,0.27
465,1152,2608,0.27
466,1157,2707,0.40
467,1157,2602,0.27
468,1155,2529,0.13
469,1152,2521,0.00
470,1159,2655,0.00
471,1153,2650,0.00
472,1138,2602,0.00
473,1142,2528,0.00
474,1141,2511,0.40
475,1140,2487,0.53
476,1130,2432,0.80
477,1134,2385,0.93
478,1136,2384,0.93
479,1136,2383,0.80
480,1138,2490,0.93
481,1137,2416,0.93
482,1126,2480,1.07
483,1127,2506,0.93
484,1126,2528,1.07
485,1125,2439,1.07
486,1135,2768,1.20
487,1127,2796,1.07
488,1111,2798,1.20
489,1166,2789,1.20
490,1136,2740,1.07
491,1123,2719,1.07
492,1116,2705,1.20
493,1106,2703,1.07
494,1110,2769,1.20
495,1114,2802,1.07
496,1117,2831,0.93
497,1104,2845,0.80
498,1104,2817,0.80
499,1104,2786,0.80
500,1105,2782,0.53
501,1107,2765,0.80
502,1110,2353,0.67
503,1114,2348,0.67
504,1103,2333,0.80
505,1106,2365,0.67
506,1099,2341,0.67
507,1092,2467,0.53
508,1090,2481,0.53
509,1098,2359,0.53
510,1136,2381,0.40
511,1127,2433,0.53
512,1102,2471,0.40
513,1095,2557,0.40
514,1099,2557,0.40
515,1102,2583,0.40
516,1102,2609,0.40
517,1102,2623,0.40
518,1101,2642,0.27
519,1101,2652,0.40
520,1097,2647,0.27
521,1093,2657,0.27
522,1090,2701,0.27
523,1098,2718,0.27
524,1101,2698,0.27
525,1104,2690,0.27
526,1098,2585,0.27
527,1095,2559,0.13
528,1095,2400,0.13
529,1097,2364,0.13
530,1088,2451,0.13
531,1085,2611,0.13
532,1090,2359,0.00
533,1085,2353,0.13
534,1090,2350,0.13
535,1083,2372,0.13
536,1088,2398,0.00
537,1088,2487,0.00
538,1085,2342,0.00
539,1155,2330,0.00
540,1069,2305,0.00
541,1042,2559,0.00
542,1023,2715,0.00
543,1038,2710,0.00
544,1017,2768,0.00
545,1037,2827,0.00
546,1037,2851,0.00
547,1018,2850,0.00
548,1014,2887,0.00
549,1021,2798,0.00
550,1020,2762,0.00
551,1014,2768,0.00
552,1014,2719,0.13
553,1006,2768,0.13
554,1005,2753,0.00
555,998,2801,0.13
556,1007,2751,0.27
557,994,2761,0.13
558,1006,2751,0.13
559,1006,2758,0.13
560,992,2743,0.13
561,1003,2722,0.13
562,1013,2704,0.13
563,1006,2559,0.13
564,993,2617,0.13
565,979,2611,0.13
566,987,2592,0.13
567,992,2591,0.13
568,994,2667,0.13
569,982,2722,0.13
570,993,2752,0.00
571,983,2765,0.13
572,993,2779,0.13
573,985,2775,0.13
574,987,2702,0.27
575,979,2697,0.13
576,977,2707,0.13
577,973,2704,0.13
578,976,2723,0.27
579,976,2723,0.13
580,970,2725,0.27
581,976,2736,0.13
582,976,2736,0.27
583,976,2754,0.13
584,987,2761,0.27
585,1125,2783,0.13
586,1081,2771,0.27
587,1081,2745,0.13
588,1071,2752,0.27
589,1066,2740,0.13
590,1073,2763,0.27
591,1073,2752,0.27
592,1077,2753,0.13
593,1068,2768,0.27
594,1077,2745,0.27
595,1072,2801,0.27
596,1072,2882,0.27
597,1076,2898,0.27
598,1074,2918,0.13
599,1070,2941,0.27
600,1072,2930,0.27
601,1072,2963,0.27
602,1072,2933,0.27
603,1067,2966,0.27
604,1073,2943,0.13
605,1067,2940,0.27
606,1071,2918,0.27
607,1066,2925,0.27
608,1070,2985,0.27
609,1071,2994,0.27
610,1063,3011,0.27
611,1066,2979,0.27
612,1060,2979,0.27
613,1063,2987,0.13
614,1054,2975,0.27
615,1055,2990,0.27
616,1047,2977,0.27
617,1062,2989,0.27
618,1058,2985,0.27
619,1057,2991,0.27
620,1045,2989,0.27
621,1059,2993,0.13
622,1065,3010,0.27
623,1061,3023,0.27
624,1047,3034,0.27
625,1051,3024,0.27
626,1044,3034,0.13
627,1049,3039,0.27
628,1041,3009,0.27
629,1045,2946,0.27
630,1038,2928,0.13
631,1058,3000,0.27
632,1051,2989,0.27
633,1053,2991,0.27
634,1050,2999,0.13
635,1051,2975,0.27
636,1037,2950,0.13
637,1040,2951,0.27
638,1039,2949,0.13
639,1023,2933,0.27
640,1038,2940,0.13
641,1040,2951,0.27
642,1043,2951,0.13
643,1040,2934,0.27
644,1040,2752,0.27
645,1047,2737,0.13
646,1045,2718,0.27
647,1021,2704,0.27
648,1023,2704,0.27
649,1023,2715,0.13
650,1037,2718,0.27
651,1022,2715,0.27
652,1023,2710,0.27
653,1039,2714,0.27
654,1036,2710,0.27
655,1039,2705,0.27
656,1033,2710,0.27
657,1023,2687,0.27
658,1021,2708,0.27
659,1019,2706,0.27
660,1023,2714,0.27
661,1021,2714,0.27
662,1019,2704,0.27
663,1023,2736,0.27
664,1023,2740,0.27
665,1015,2731,0.27
666,1022,2737,0.27
667,1015,2738,0.27
668,1011,2736,0.27
669,1010,2737,0.27
670,1008,2742,0.27
671,1014,2734,0.27
672,1013,2736,0.27
673,1021,2733,0.40
674,1019,2739,0.27
675,1023,2736,0.27
676,1018,2746,0.13
677,1011,2749,0.40
678,1011,2746,0.27
679,1008,2741,0.27
680,1023,2744,0.27
681,1017,2738,0.27
682,1010,2737,0.27
683,1010,2747,0.27
684,1019,2750,0.27
685,1004,2739,0.27
686,1006,2752,0.27
687,1007,2757,0.27
688,1012,2744,0.27
689,1007,2738,0.27
690,1003,2746,0.27
691,999,2743,0.27
692,997,2761,0.27
693,1001,2738,0.27
694,1002,2723,0.27
695,997,2743,0.27
696,993,2719,0.27
697,1007,2715,0.27
698,994,2680,0.27
699,999,2663,0.27
700,991,2559,0.27
701,993,2549,0.27
702,995,2524,0.27
703,992,2481,0.27
704,995,2480,0.27
705,993,2475,0.27
706,996,2477,0.27
707,991,2463,0.27
708,999,2473,0.27
709,992,2448,0.27
710,993,2460,0.27
711,991,2454,0.27
712,989,2446,0.40
713,991,2437,0.27
714,976,2444,0.27
715,985,2431,0.27
716,985,2431,0.27
717,979,2428,0.27
718,982,2413,0.27
719,987,2414,0.27
720,983,2411,0.27
721,987,2419,0.27
722,983,2419,0.27
723,993,2416,0.27
724,993,2459,0.27
725,969,2430,0.27
726,957,2410,0.27
727,962,2447,0.27
728,954,2432,0.27
729,949,2421,0.27
730,960,2429,0.27
731,944,2895,0.40
732,954,2959,0.27
733,960,2991,0.27
734,958,2992,0.27
735,947,3002,0.27
736,955,3007,0.27
737,947,3027,0.27
738,944,3012,0.27
739,944,3025,0.27
740,951,3007,0.27
741,951,3024,0.27
742,944,3024,0.40
743,946,3024,0.27
744,944,3024,0.27
745,938,3022,0.27
746,929,3027,0.27
747,931,3027,0.27
748,927,3024,0.27
749,928,3031,0.27
750,933,3038,0.27
751,933,3017,0.27
752,933,2998,0.27
753,924,2985,0.27
754,922,2971,0.27
755,933,2992,0.27
756,927,2985,0.27
757,915,2985,0.40
758,915,2972,0.13
759,929,2987,0.27
760,927,2998,0.27
761,914,2995,0.27
762,915,2988,0.27
763,919,2992,0.27
764,912,3007,0.27
765,914,3011,0.27
766,921,2990,0.27
767,919,2992,0.27
768,912,2996,0.27
769,918,2992,0.27
770,925,2998,0.27
771,918,3013,0.27
772,919,3015,0.27
773,915,3056,0.13
774,912,3041,0.27
775,914,3041,0.27
776,912,3088,0.27
777,908,3071,0.27
778,914,3063,0.27
779,907,3025,0.27
780,909,3029,0.27
781,906,3026,0.13
782,903,3040,0.27
783,912,3031,0.27
784,912,3024,0.27
785,910,3025,0.27
786,912,3023,0.27
787,903,3024,0.27
788,897,3019,0.13
789,899,3009,0.27
790,910,3002,0.27
791,894,3002,0.27
792,897,3006,0.27
793,893,2994,0.27
794,893,2974,0.27
795,887,2959,0.27
796,897,2963,0.27
797,896,2269,0.13
798,900,3109,0.27
799,910,3131,0.27
800,898,3111,0.27
801,894,3123,0.27
802,893,3131,0.27
803,890,3120,0.27
804,884,3121,0.27
805,889,3120,0.27
806,893,3124,0.13
807,894,3117,0.27
808,886,3119,0.27
809,898,3122,0.27
810,889,3122,0.27
811,887,3120,0.27
812,887,3127,0.13
813,896,3125,0.27
814,884,3123,0.27
815,886,3131,0.27
816,910,3123,0.27
817,882,3121,0.27
818,879,3126,0.27
819,870,3137,0.13
820,880,3107,0.27
821,873,3136,0.27
822,880,3122,0.27
823,889,3125,0.27
824,890,3106,0.13
825,885,3124,0.27
826,875,3104,0.13
827,880,3109,0.13
828,883,3131,0.13
829,873,3123,0.13
830,863,3138,0.13
831,871,3134,0.13
832,855,3131,0.27
833,870,3125,0.13
834,879,3114,0.13
835,873,2277,0.13
836,862,2229,0.27
837,850,2184,0.13
838,869,2147,0.13
839,870,2151,0.27
840,877,2146,0.13
841,871,2159,0.27
842,878,2160,0.13
843,864,2175,0.27
844,864,2213,0.13
845,863,2240,0.27
846,856,2158,0.27
847,862,2161,0.27
848,863,2173,0.13
849,854,2173,0.27
850,864,2192,0.27
851,865,2288,0.13
852,870,2250,0.27
853,859,2291,0.27
854,870,2155,0.27
855,862,2307,0.13
856,861,2158,0.27
857,869,2185,0.13
858,856,2176,0.27
859,867,2186,0.27
860,862,2186,0.13
861,854,2202,0.27
862,855,2218,0.13
863,866,2209,0.27
864,842,2208,0.13
865,864,2225,0.27
866,859,2221,0.13
867,869,2227,0.13
868,862,2246,0.13
869,851,2253,0.13
870,848,2384,0.13
871,845,2394,0.13
872,845,2400,0.13
873,861,2415,0.13
874,839,2394,0.27
875,849,2383,0.13
876,853,2390,0.13
877,854,2389,0.27
878,845,2377,0.27
879,859,2384,0.13
880,848,2385,0.27
881,849,2369,0.27
882,835,2384,0.27
883,847,2199,0.27
884,847,2449,0.27
885,845,2657,0.13
886,848,2685,0.40
887,848,2656,0.27
888,848,2675,0.27
889,848,2659,0.27
890,836,2634,0.27
891,849,2448,0.27
892,841,2277,0.27
893,833,2229,0.27
894,839,2238,0.27
895,841,2252,0.27
896,847,2237,0.27
897,847,2250,0.27
898,842,2243,0.27
899,840,2249,0.27
900,837,2304,0.27
901,835,2240,0.13
902,846,2256,0.27
903,842,2285,0.27
904,830,2307,0.27
905,844,2306,0.27
906,843,2320,0.27
907,832,2339,0.27
908,846,2400,0.13
909,834,2414,0.27
910,826,2450,0.27
911,834,2471,0.13
912,826,2477,0.27
913,823,2496,0.27
914,841,2501,0.13
915,827,2501,0.27
916,815,2509,0.27
917,830,2530,0.13
918,827,2523,0.13
919,825,2528,0.27
920,824,2529,0.13
921,830,2522,0.13
922,822,2559,0.27
923,828,2645,0.13
924,818,2637,0.13
925,832,2620,0.00
926,832,2624,0.13
927,825,2626,0.13
928,818,2650,0.13
929,831,2651,0.27
930,835,2652,0.13
931,829,2643,0.27
932,816,2635,0.27
933,828,2642,0.13
934,812,2657,0.27
935,816,2554,0.27
936,819,2461,0.13
937,816,2384,0.13
938,817,2375,0.27
939,814,2370,0.13
940,823,2350,0.13
941,823,2365,0.13
942,816,2343,0.27
943,821,2333,0.13
944,816,2330,0.13
945,823,2289,0.27
946,822,2327,0.27
947,803,2335,0.13
948,816,2353,0.27
949,797,2363,0.27
950,800,2353,0.13
951,815,2356,0.27
952,804,2350,0.13
953,816,2329,0.27
954,816,2336,0.27
955,816,2341,0.13
956,814,2351,0.27
957,804,2346,0.00
958,816,2342,0.13
959,806,2337,0.00
960,813,2347,0.00
961,798,2368,0.00
962,798,2379,0.00
963,805,2373,0.00
964,799,2377,0.00
965,803,2364,0.00
966,801,2351,0.00
967,803,2347,0.00
968,801,2352,0.00
969,797,2304,0.00
970,798,2318,0.00
971,814,2310,0.27
972,803,2256,0.27
973,800,2260,0.27
974,800,2249,0.40
975,807,2242,0.40
976,799,2253,0.40
977,809,2241,0.53
978,796,2247,0.40
979,802,2261,0.53
980,811,2252,0.40
981,805,2243,0.53
982,799,2257,0.40
983,823,2255,0.53
984,811,2257,0.40
985,814,2264,0.40
986,805,2380,0.53
987,806,2419,0.40
988,803,2285,0.40
989,807,2356,0.27
990,806,2368,0.40
991,823,2383,0.40
992,800,2389,0.27
993,815,2398,0.40
994,811,2427,0.27
995,806,2427,0.40
996,817,2421,0.27
997,816,2429,0.40
998,816,2429,0.27
999,816,2419,0.40
1000,818,2422,0.27
1001,792,2399,0.27
1002,799,2256,0.40
1003,800,2246,0.27
1004,797,2233,0.40
1005,793,2226,0.40
1006,789,2253,0.27
1007,801,2215,0.40
1008,824,2266,0.40
1009,851,2240,0.40
1010,849,2260,0.27
1011,883,2226,0.27
1012,859,2238,0.27
1013,861,2514,0.00
1014,858,2527,0.00
1015,851,2539,0.00
1016,854,2545,0.00
1017,866,2531,0.00
1018,853,2509,0.00
1019,855,2503,0.00
1020,877,2544,0.00
1021,859,2515,0.13
1022,857,2529,0.00
1023,854,2512,0.13
1024,861,2513,0.00
1025,873,2503,0.13
1026,878,2276,0.27
1027,881,2272,0.13
1028,880,2249,0.13
1029,893,2229,0.27
1030,885,2229,0.27
1031,901,2217,0.13
1032,910,2555,0.40
1033,911,2461,0.53
1034,912,2607,0.40
1035,913,2640,0.27
1036,906,2688,0.13
1037,912,2717,4.27
1038,901,2723,0.93
1039,903,2731,0.13
1040,901,2751,0.13
1041,894,2754,0.00
1042,896,2775,0.00
1043,895,2768,0.00
1044,895,2779,0.00
1045,899,2788,0.00
1046,914,2624,0.00
1047,908,2629,0.00
1048,922,2613,0.00
1049,910,2595,0.00
1050,910,2612,0.00
1051,896,2595,0.00
1052,889,2314,0.00
1053,899,2256,0.40
1054,899,2225,0.00
1055,887,2111,1.20
1056,887,2099,0.00
1057,891,2098,0.00
1058,888,2099,0.00
1059,887,2085,0.00
1060,901,2095,0.00
1061,916,2095,0.00
1062,903,2330,0.00
1063,907,2025,0.00
1064,901,2209,0.00
1065,899,2144,0.00
1066,889,2191,0.00
1067,890,2192,0.00
