Time_sec,TDS_raw,Turbidity_raw,Flow_L_min
0,2745,1953,1.47
1,2740,1941,1.47
2,2736,1904,1.47
3,2737,1895,1.47
4,2731,1919,1.47
5,2736,1911,1.07
6,2739,1919,0.93
7,2759,1905,0.93
8,2768,1898,0.93
9,2769,1902,0.80
10,2771,1887,0.93
11,2774,1890,1.07
12,2787,1901,0.93
13,2797,1877,1.07
14,2781,1872,0.93
15,2821,1877,0.93
16,2762,1887,0.93
17,2741,1904,0.93
18,2745,1888,1.07
19,2735,1887,0.93
20,2736,1883,0.93
21,2728,1886,0.93
22,2725,1872,0.80
23,2736,1872,0.93
24,2732,1876,0.93
25,2729,1871,0.93
26,2721,1877,0.93
27,2718,1883,0.93
28,2722,1895,0.93
29,2719,1870,0.93
30,2721,1885,1.07
31,2723,1873,0.80
32,2729,1879,0.93
33,2735,1873,0.93
34,2724,1871,0.93
35,2736,1877,0.93
36,2723,1891,0.93
37,2719,1877,0.93
38,2721,1885,0.93
39,2719,1873,0.93
40,2721,1859,0.80
41,2721,1863,1.07
42,2705,1860,0.80
43,2721,1877,0.93
44,2720,1872,0.93
45,2749,1865,0.93
46,2725,1872,0.80
47,2722,1873,0.93
48,2729,1872,0.93
49,2731,1867,0.93
50,2727,1887,1.07
51,2731,1876,0.93
52,2720,1867,1.07
53,2731,1808,1.07
54,2748,1811,1.07
55,2725,1886,1.07
56,2725,1850,1.20
57,2736,1892,1.07
58,2730,1898,1.20
59,2746,1886,1.20
60,2743,1885,1.20
61,2738,1894,1.20
62,2752,1878,1.20
63,2754,1886,1.20
64,2755,1879,1.07
65,2743,1879,1.07
66,2734,1879,1.20
67,2733,1885,1.07
68,2736,1873,1.07
69,2735,1883,1.20
70,2736,1874,1.07
71,2727,1889,1.07
72,2729,1879,1.07
73,2729,1898,1.07
74,2736,1887,1.07
75,2723,1887,1.07
76,2733,1882,1.07
77,2753,1883,1.07
78,2736,1897,0.93
79,2730,1907,1.07
80,2742,1943,1.07
81,2707,1874,1.07
82,2721,2224,0.93
83,2707,2461,0.93
84,2686,2272,1.07
85,2678,2195,0.93
86,2699,1919,0.93
87,2705,1911,1.07
88,2723,1840,0.93
89,2727,1915,1.07
90,2691,1934,0.93
91,2688,1935,1.07
92,2682,1956,1.07
93,2688,1956,0.93
94,2101,1655,1.07
95,2098,1674,0.93
96,2086,1687,1.07
97,2087,1707,1.07
98,2090,1730,0.93
99,2081,1744,1.07
100,2079,1755,0.93
101,2073,1745,1.07
102,2063,1747,1.07
103,2063,1761,0.93
104,2066,1762,1.07
105,2046,1764,1.07
106,2039,1766,1.07
107,2037,1776,1.07
108,2047,1775,1.07
109,2036,1731,1.07
110,2033,1761,1.07
111,2032,1771,1.07
112,2033,1771,1.07
113,2000,1765,1.07
114,1997,1767,1.07
115,1990,1747,1.07
116,1978,1754,1.07
117,1973,1753,1.07
118,1951,1744,1.07
119,1943,1743,1.07
120,1929,1733,1.07
121,1931,1721,1.07
122,1910,1724,1.20
123,1874,1711,1.20
124,1885,1707,1.20
125,1855,1707,1.07
126,1833,1702,1.20
127,1839,1695,1.07
128,1802,1665,1.20
129,1787,1664,1.07
130,1775,1665,1.20
131,1771,1652,1.07
132,1750,1643,1.20
133,1751,1640,1.20
134,1731,1644,1.07
135,1734,1642,1.20
136,1729,1647,1.07
137,1710,1641,1.20
138,1708,1646,1.07
139,1680,1638,1.20
140,1696,1648,1.07
141,1676,1634,1.20
142,1673,1638,1.20
143,1673,1639,1.07
144,1672,1629,1.20
145,1651,1635,1.07
146,1666,1671,1.20
147,1658,1770,1.20
148,1650,1774,1.20
149,1664,1773,1.07
150,1648,1762,1.20
151,1659,1760,1.20
152,1649,1755,1.20
153,1648,1746,1.20
154,1647,1754,1.07
155,1643,1744,1.20
156,1634,1746,1.20
157,1639,1743,1.20
158,1635,1757,1.20
159,1644,1753,1.20
160,1630,1753,1.20
161,1631,1755,1.20
162,1630,1747,1.20
163,1617,1757,1.20
164,1616,1744,1.20
165,1627,1750,1.20
166,1627,1745,1.20
167,1623,1745,1.20
168,1615,1755,1.20
169,1626,1760,1.20
170,1611,1755,1.20
171,1600,1752,1.20
172,1601,1745,1.33
173,1600,1746,1.20
174,1600,1744,1.20
175,1606,1732,1.20
176,1602,1743,1.20
177,1601,1749,1.20
178,1600,1749,1.20
179,1595,1751,1.20
180,1595,1749,1.20
181,1584,1745,1.20
182,1584,1745,1.20
183,1584,1737,1.20
184,1584,1727,1.33
185,1586,1739,1.20
186,1579,1745,1.20
187,1571,1744,1.20
188,1565,1742,1.20
189,1557,1739,1.33
190,1535,1743,1.20
191,1535,1744,1.33
192,1558,1733,1.20
193,1535,1751,1.20
194,1565,1745,1.20
195,1535,1751,1.33
196,1531,1761,1.20
197,1518,1753,1.33
198,1524,1747,1.20
199,1521,1744,1.20
200,1529,1745,1.20
201,1525,1749,1.33
202,1526,1752,1.20
203,1523,1750,1.20
204,1499,1760,1.33
205,1493,1755,1.20
206,1489,1747,1.20
207,1495,1750,1.33
208,1505,1743,1.20
209,1489,1758,1.33
210,1502,1753,1.20
211,1509,1764,1.20
212,1505,1771,1.20
213,1469,1762,1.33
214,1456,1760,1.33
215,1469,1750,1.20
216,1471,1744,1.20
217,1469,1744,1.33
218,1481,1746,1.20
219,1459,1754,1.33
220,1492,1747,1.20
221,1479,1757,1.33
222,1462,1758,1.20
223,1443,1757,1.33
224,1454,1749,1.20
225,1428,1750,1.33
226,1435,1745,1.33
227,1450,1741,1.20
228,1454,1744,1.33
229,1468,1747,1.33
230,1451,1745,1.33
231,1415,1746,1.33
232,1419,1744,1.20
233,1409,1739,1.33
234,1424,1741,1.33
235,1408,1741,1.33
236,1440,1739,1.33
237,1426,1744,1.33
238,1421,1744,1.33
239,1395,1744,1.20
240,1387,1739,1.33
241,1401,1739,1.33
242,1360,1747,1.33
243,1430,1738,1.33
244,1390,1747,1.33
245,1393,1744,1.33
246,1348,1742,1.33
247,1355,1730,1.33
248,1344,1729,1.20
249,1366,1728,1.47
250,1393,1737,1.20
251,1401,1729,1.47
252,1344,1739,1.20
253,1349,1744,1.47
254,1296,1735,1.33
255,1291,1741,1.33
256,1342,1737,1.33
257,1342,1729,1.33
258,1365,1731,1.33
259,1350,1738,1.33
260,1337,1744,1.33
261,1295,1755,1.20
262,1319,1734,1.33
263,1264,1742,1.33
264,1323,1738,1.33
265,1320,1723,1.47
266,1318,1730,1.33
267,1350,1738,1.33
268,1307,1754,1.33
269,1325,1744,1.33
270,1265,1744,1.33
271,1285,1741,1.33
272,1280,1731,1.33
273,1301,1737,1.33
274,1340,1735,1.33
275,1303,1751,1.47
276,1279,1754,1.33
277,1289,1743,1.33
278,1279,1746,1.33
279,1279,1750,1.20
280,1254,1743,1.33
281,1262,1751,1.33
282,1309,1750,1.33
283,1275,1747,1.47
284,1222,1757,1.33
285,1211,1745,1.33
286,1216,1748,1.33
287,1229,1741,1.33
288,1215,1744,1.47
289,1275,1741,1.33
290,1264,1744,1.33
291,1310,1739,1.33
292,1243,1747,1.33
293,1207,1744,1.33
294,1214,1743,1.33
295,1210,1741,1.33
296,1238,1731,1.33
297,1245,1731,1.47
298,1248,1740,1.33
299,1238,1744,1.33
300,1214,1745,1.33
301,1188,1745,1.33
302,1183,1740,1.47
303,1184,1737,1.33
304,1194,1732,1.33
305,1187,1744,1.33
306,1198,1744,1.33
307,1221,1744,1.47
308,1181,1744,1.33
309,1168,1739,1.47
310,1152,1743,1.33
311,1158,1730,1.33
312,1183,1728,1.47
313,1212,1732,1.33
314,1217,1733,1.33
315,1216,1745,1.33
316,1190,1742,1.47
317,1159,1744,1.33
318,1155,1734,1.33
319,1147,1743,1.47
320,1158,1740,1.20
321,1240,1724,1.33
322,1194,1744,1.47
323,1201,1743,1.33
324,1155,1742,1.33
325,1171,1728,1.33
326,1158,1731,1.33
327,1169,1723,1.33
328,1175,1734,1.33
329,1272,1724,1.47
330,1214,1735,1.33
331,1168,1738,1.33
332,1120,1743,1.33
333,1152,1733,1.33
334,1152,1734,1.47
335,1153,1725,1.33
336,1194,1744,1.33
337,1185,1743,1.33
338,1179,1745,1.33
339,1133,1741,1.33
340,1135,1744,1.33
341,1122,1729,1.47
342,1153,1730,1.33
343,1142,1734,1.33
344,1167,1735,1.33
345,1179,1745,1.47
346,1152,1757,1.33
347,1107,1750,1.33
348,1097,1745,1.33
349,1116,1741,1.33
350,1122,1743,1.47
351,1160,1746,1.33
352,1158,1745,1.33
353,1155,1755,1.33
354,1121,1751,1.33
355,1119,1745,1.33
356,1083,1751,1.20
357,1122,1741,1.33
358,1136,1754,1.33
359,1159,1757,1.47
360,1117,1761,1.33
361,1093,1748,1.33
362,1102,1748,1.33
363,1104,1747,1.20
364,1120,1745,1.33
365,1121,1744,1.33
366,1167,1749,1.33
367,1094,1758,1.33
368,1059,1751,1.33
369,1054,1747,1.33
370,1057,1744,1.33
371,1081,1742,1.33
372,1078,1744,1.33
373,1057,1756,1.33
374,1053,1757,1.33
375,1001,1765,1.33
376,1007,1755,1.33
377,1009,1756,1.33
378,1020,1754,1.33
379,1022,1752,1.33
380,1057,1755,1.33
381,1071,1762,1.33
382,1008,1769,1.33
383,1008,1763,1.33
384,1009,1756,1.33
385,1007,1766,1.33
386,1017,1749,1.47
387,1034,1749,1.33
388,1015,1749,1.33
389,1067,1759,1.33
390,1049,1762,1.33
391,966,1759,1.33
392,1019,1755,1.33
393,967,1759,1.33
394,1018,1738,1.33
395,1022,1747,1.33
396,1013,1748,1.33
397,1012,1755,1.33
398,995,1760,1.33
399,999,1744,1.33
400,974,1743,1.33
401,991,1741,1.33
402,1015,1737,1.33
403,1037,1744,1.33
404,1008,1751,1.33
405,973,1750,1.33
406,973,1745,1.33
407,963,1745,1.33
408,976,1744,1.33
409,1023,1744,1.33
410,1023,1743,1.33
411,1034,1748,1.33
412,1011,1749,1.33
413,963,1751,1.33
414,991,1737,1.33
415,970,1744,1.47
416,997,1731,1.33
417,1003,1743,1.33
418,1044,1743,1.33
419,1023,1748,1.33
420,981,1744,1.47
421,949,1741,1.33
422,974,1733,1.33
423,977,1729,1.47
424,994,1738,1.33
425,1021,1735,1.47
426,1014,1738,1.33
427,972,1744,1.33
428,969,1730,1.33
429,959,1728,1.33
430,976,1722,1.33
431,995,1738,1.33
432,989,1738,1.33
433,1023,1728,1.33
434,949,1734,1.33
435,951,1725,1.33
436,957,1731,1.33
437,1015,1719,1.33
438,1022,1725,1.33
439,976,1744,1.33
440,983,1731,1.33
441,977,1727,1.33
442,971,1737,1.33
443,994,1729,1.33
444,1011,1741,1.33
445,957,1747,1.33
446,966,1739,1.33
447,957,1730,1.33
448,951,1726,1.33
449,997,1727,1.33
450,1019,1728,1.33
451,869,1757,1.20
452,882,1744,1.20
453,939,1734,1.33
454,953,1722,1.33
455,978,1741,1.33
456,979,1740,1.33
457,928,1750,1.33
458,933,1738,1.33
459,912,1729,1.33
460,939,1732,1.33
461,981,1723,1.33
462,993,1737,1.33
463,954,1734,1.33
464,923,1740,1.20
465,935,1726,1.33
466,933,1719,1.33
467,972,1723,1.33
468,961,1742,1.33
469,967,1737,1.33
470,911,1728,1.47
471,959,1717,1.33
472,935,1718,1.33
473,988,1715,1.33
474,977,1721,1.20
475,969,1725,1.33
476,957,1717,1.33
477,933,1719,1.33
478,941,1719,1.33
479,984,1712,1.33
480,954,1733,1.20
481,939,1723,1.33
482,946,1716,1.33
483,944,1712,1.33
484,959,1712,1.33
485,986,1712,1.33
486,972,1721,1.20
487,963,1718,1.33
488,934,1705,1.33
489,934,1709,1.33
490,951,1707,1.33
491,978,1712,1.33
492,980,1717,1.33
493,967,1712,1.33
494,947,1718,1.33
495,941,1690,1.33
496,966,1702,1.33
497,993,1713,1.33
498,982,1727,1.33
499,961,1715,1.20
500,938,1714,1.33
501,940,1707,1.47
502,973,1702,1.33
503,1007,1709,1.33
504,989,1710,1.20
505,931,1714,1.33
506,932,1702,1.33
507,934,1711,1.33
508,977,1696,1.33
509,981,1701,1.33
510,978,1723,1.33
511,931,1709,1.33
512,927,1708,1.33
513,927,1712,1.33
514,944,1713,1.33
515,979,1716,1.33
516,944,1719,1.33
517,919,1714,1.33
518,941,1710,1.33
519,931,1711,1.33
520,956,1714,1.33
521,974,1716,1.33
522,935,1718,1.33
523,863,1719,1.33
524,909,1710,1.33
525,926,1714,1.33
526,983,1699,1.20
527,963,1721,1.33
528,943,1719,1.33
529,914,1713,1.33
530,924,1711,1.33
531,942,1703,1.33
532,943,1711,1.33
533,968,1698,1.33
534,924,1715,1.33
535,914,1712,1.20
536,901,1710,1.47
537,918,1702,1.33
538,962,1709,1.33
539,951,1712,1.33
540,932,1715,1.33
541,896,1703,1.33
542,905,1699,1.33
543,943,1711,1.33
544,965,1701,1.47
545,953,1715,1.33
546,901,1697,1.33
547,905,1718,1.33
548,904,1712,1.33
549,951,1701,1.33
550,970,1709,1.33
551,936,1707,1.33
552,913,1716,1.33
553,900,1709,1.33
554,898,1699,1.47
555,942,1707,1.33
556,966,1708,1.33
557,962,1721,1.33
558,950,1712,1.33
559,894,1707,1.33
560,936,1706,1.33
561,909,1716,1.33
562,915,1712,1.33
563,925,1700,1.33
564,911,1710,1.47
565,923,1707,1.33
566,896,1706,1.33
567,914,1709,1.33
568,876,1707,1.33
569,911,1707,1.33
570,897,1715,1.33
571,912,1710,1.33
572,912,1697,1.47
573,933,1695,1.33
574,921,1694,1.33
575,912,1703,1.33
576,902,1707,1.33
577,928,1683,1.33
578,909,1695,1.33
579,880,1702,1.33
580,919,1702,1.33
581,890,1689,1.33
582,889,1710,1.47
583,912,1707,1.33
584,893,1708,1.33
585,882,1707,1.33
586,912,1699,1.33
587,894,1712,1.33
588,918,1691,1.33
589,877,1705,1.47
590,918,1700,1.33
591,890,1709,1.33
592,906,1696,1.33
593,881,1700,1.33
594,910,1685,1.33
595,910,1699,1.33
596,897,1701,1.33
597,919,1697,1.33
598,891,1702,1.33
599,899,1703,1.47
600,902,1697,1.33
601,912,1705,1.33
602,905,1696,1.33
603,901,1691,1.33
604,897,1693,1.33
605,903,1701,1.33
606,824,1718,1.33
607,919,1708,1.33
608,906,1712,1.33
609,896,1695,1.33
610,911,1695,1.47
611,910,1695,1.33
612,891,1699,1.33
613,903,1693,1.20
614,907,1691,1.33
615,889,1703,1.33
616,925,1701,1.33
617,901,1696,1.33
618,892,1707,1.33
619,909,1702,1.33
620,935,1702,1.47
621,890,1705,1.20
622,894,1703,1.47
623,913,1711,1.33
624,893,1706,1.33
625,891,1707,1.33
626,906,1691,1.33
627,894,1703,1.33
628,875,1699,1.33
629,880,1696,1.33
630,910,1696,1.33
631,909,1693,1.47
632,873,1699,1.33
633,897,1692,1.33
634,899,1687,1.33
635,880,1694,1.33
636,896,1693,1.33
637,891,1689,1.33
638,907,1684,1.33
639,863,1693,1.33
640,913,1680,1.20
641,881,1685,1.33
642,893,1700,1.33
643,871,1705,1.33
644,887,1691,1.33
645,841,1700,1.33
646,894,1685,1.33
647,902,1684,1.33
648,896,1689,1.33
649,898,1680,1.33
650,839,1705,1.33
651,907,1685,1.33
652,854,1697,1.47
653,877,1690,1.20
654,831,1702,1.47
655,903,1692,1.20
656,882,1697,1.47
657,879,1685,1.20
658,893,1701,1.33
659,883,1702,1.33
660,879,1703,1.33
661,850,1714,1.33
662,869,1702,1.33
663,890,1696,1.33
664,846,1695,1.33
665,843,1710,1.47
666,912,1689,1.33
667,863,1695,1.20
668,848,1702,1.33
669,830,1712,1.33
670,830,1702,1.47
671,852,1699,1.33
672,860,1693,1.20
673,873,1696,1.33
674,889,1691,1.47
675,898,1695,1.33
676,832,1710,1.33
677,893,1711,1.33
678,880,1699,1.33
679,897,1699,1.33
680,847,1716,1.33
681,880,1695,1.33
682,869,1707,1.33
683,903,1701,1.33
684,863,1710,1.33
685,849,1707,1.33
686,910,1696,1.33
687,816,1711,1.33
688,878,1698,1.33
689,882,1709,1.33
690,897,1711,1.33
691,871,1711,1.33
692,878,1712,1.33
693,871,1707,1.33
694,862,1702,1.33
695,816,1713,1.33
696,873,1699,1.47
697,885,1702,1.20
698,878,1707,1.33
699,896,1702,1.33
700,873,1690,1.33
701,880,1696,1.33
702,895,1686,1.33
703,850,1701,1.33
704,849,1710,1.33
705,886,1686,1.33
706,858,1689,1.33
707,879,1699,1.33
708,872,1707,1.33
709,853,1694,1.33
710,784,1713,1.33
711,850,1691,1.33
712,827,1697,1.47
713,880,1695,1.33
714,869,1694,1.33
715,880,1693,1.33
716,887,1706,1.20
717,866,1694,1.33
718,841,1698,1.33
719,875,1697,1.33
720,854,1711,1.33
721,879,1713,1.33
722,843,1712,1.33
723,857,1700,1.47
724,861,1701,1.33
725,885,1696,1.33
726,863,1706,1.33
727,869,1697,1.33
728,811,1703,1.33
729,878,1696,1.33
730,848,1699,1.33
731,816,1710,1.33
732,885,1693,1.33
733,869,1702,1.33
734,867,1689,1.33
735,871,1688,1.33
736,871,1703,1.33
737,871,1686,1.33
738,848,1702,1.33
739,885,1695,1.33
740,863,1696,1.20
741,851,1682,1.33
742,839,1702,1.33
743,865,1689,1.33
744,843,1693,1.33
745,874,1692,1.33
746,845,1697,1.33
747,844,1695,1.33
748,878,1686,1.33
749,881,1687,1.33
750,861,1681,1.20
751,864,1691,1.33
752,875,1687,1.33
753,870,1691,1.33
754,865,1695,1.33
755,853,1694,1.33
756,879,1685,1.33
757,880,1700,1.33
758,859,1696,1.33
759,867,1692,1.33
760,873,1694,1.33
761,864,1690,1.33
762,859,1697,1.33
763,855,1696,1.33
764,861,1690,1.33
765,846,1700,1.33
766,845,1701,1.33
767,867,1682,1.47
768,873,1682,1.33
769,878,1684,1.33
770,854,1685,1.33
771,887,1681,1.33
772,880,1686,1.33
773,881,1677,1.33
774,856,1683,1.33
775,873,1687,1.33
776,874,1695,1.33
777,884,1699,1.33
778,886,1690,1.33
779,914,1690,1.20
780,883,1691,1.33
781,907,1680,1.33
782,891,1681,1.33
783,892,1680,1.33
784,878,1691,1.33
785,908,1685,1.33
786,859,1695,1.33
787,892,1684,1.33
788,875,1696,1.33
789,910,1680,1.33
790,887,1687,1.47
791,893,1695,1.33
792,907,1691,1.33
793,894,1696,1.33
794,904,1689,1.33
795,942,1696,1.33
796,913,1684,1.33
797,929,1686,1.33
798,927,1685,1.33
799,905,1687,1.33
800,912,1688,1.33
801,923,1685,1.33
802,931,1689,1.33
803,910,1685,1.47
804,912,1683,1.33
805,911,1679,1.33
806,933,1680,1.33
807,924,1678,1.33
808,910,1681,1.33
809,919,1682,1.33
810,935,1687,1.33
811,908,1680,1.47
812,913,1685,1.33
813,938,1685,1.33
814,927,1680,1.33
815,925,1683,1.33
816,932,1683,1.33
817,947,1680,1.33
818,909,1686,1.33
819,937,1680,1.47
820,946,1684,1.33
821,926,1680,1.33
822,925,1686,1.33
823,929,1680,1.33
824,955,1679,1.33
825,935,1680,1.33
826,911,1682,1.47
827,940,1680,1.33
828,949,1676,1.47
829,944,1676,1.33
830,912,1682,1.33
831,950,1674,1.33
832,965,1660,1.33
833,915,1671,1.33
834,944,1667,1.47
835,929,1662,1.33
836,923,1671,1.33
837,959,1666,1.33
838,925,1661,1.33
839,944,1664,1.33
840,941,1661,1.33
841,927,1662,1.47
842,934,1663,1.33
843,947,1671,1.33
844,914,1682,1.33
845,938,1664,1.33
846,930,1680,1.33
847,923,1675,1.47
848,946,1680,1.33
849,922,1691,1.33
850,958,1680,1.33
851,960,1681,1.33
852,944,1683,1.33
853,960,1680,1.47
854,943,1673,1.33
855,957,1680,1.33
856,951,1691,1.33
857,929,1700,1.33
858,944,1686,1.47
859,951,1689,1.33
860,951,1683,1.33
861,962,1687,1.47
862,943,1697,1.33
863,944,1680,1.33
864,937,1686,1.47
865,962,1691,1.33
866,974,1685,1.33
867,944,1700,1.33
868,950,1687,1.33
869,955,1691,1.33
870,966,1693,1.47
871,961,1695,1.33
872,976,1685,1.33
873,993,1681,1.47
874,959,1687,1.33
875,971,1687,1.33
876,995,1679,1.33
877,989,1685,1.33
878,967,1674,1.33
879,1019,1680,1.47
880,1023,1679,1.33
881,984,1680,1.33
882,1005,1678,1.33
883,1023,1670,1.47
884,1058,1674,1.33
885,1023,1670,1.47
886,1091,1662,1.33
887,996,1664,1.33
888,1057,1666,1.33
889,1038,1665,1.47
890,1049,1655,1.33
891,1040,1655,1.47
892,1075,1648,1.33
893,1023,1661,1.33
894,1034,1648,1.33
895,1087,1649,1.47
896,1088,1654,1.33
897,1060,1661,1.33
898,1072,1662,1.33
899,1075,1665,1.33
900,1040,1660,1.33
901,1102,1651,1.47
902,1098,1648,1.33
903,1103,1650,1.33
904,1089,1651,1.47
905,1015,1665,1.33
906,1073,1666,1.33
907,1023,1664,1.33
908,1110,1648,1.33
909,1055,1648,1.47
910,1072,1642,1.33
911,1062,1651,1.47
912,1093,1659,1.33
913,1083,1668,1.33
914,1126,1656,1.47
915,1069,1659,1.33
916,1090,1653,1.33
917,1100,1655,1.33
918,1077,1664,1.47
919,1119,1664,1.33
920,1117,1657,1.33
921,1087,1661,1.33
922,1104,1659,1.33
923,1093,1659,1.33
924,1110,1650,1.47
925,1105,1651,1.33
926,1075,1665,1.33
927,1088,1665,1.33
928,1136,1648,1.47
929,1122,1653,1.33
930,1136,1653,1.33
931,1136,1655,1.33
932,1097,1649,1.33
933,1123,1657,1.33
934,1136,1649,1.33
935,1086,1655,1.33
936,1091,1648,1.33
937,1122,1650,1.47
938,1091,1658,1.33
939,1100,1666,1.33
940,1101,1648,1.47
941,1098,1653,1.33
942,1106,1646,1.33
943,1121,1648,1.33
944,1127,1648,1.33
945,1088,1655,1.47
946,1158,1637,1.33
947,1124,1645,1.33
948,1127,1646,1.33
949,1111,1635,1.33
950,1113,1643,1.33
951,1114,1632,1.33
952,1152,1646,1.47
953,1125,1643,1.33
954,1145,1643,1.33
955,1145,1637,1.33
956,1150,1648,1.33
957,1121,1641,1.33
958,1136,1638,1.33
959,1159,1643,1.33
960,1168,1642,1.47
961,1159,1648,1.33
962,1146,1648,1.33
963,1136,1643,1.33
964,1149,1646,1.33
965,1123,1646,1.33
966,1137,1636,1.33
967,1153,1638,1.47
968,1107,1647,1.33
969,1154,1642,1.33
970,1129,1643,1.33
971,1171,1637,1.33
972,1159,1635,1.47
973,1168,1637,1.33
974,1171,1639,1.33
975,1168,1642,1.33
976,1168,1633,1.33
977,1152,1645,1.47
978,1175,1647,1.33
979,1178,1639,1.33
980,1155,1646,1.33
981,1149,1648,1.33
982,1200,1637,1.33
983,1155,1642,1.33
984,1197,1643,1.33
985,1141,1657,1.33
986,1196,1648,1.33
987,1185,1641,1.47
988,1159,1648,1.20
989,1205,1639,1.33
990,1207,1630,1.33
991,1199,1642,1.33
992,1195,1638,1.33
993,1169,1642,1.33
994,1200,1637,1.33
995,1191,1630,1.33
996,1162,1633,1.33
997,1171,1643,1.33
998,1174,1629,1.33
999,1193,1632,1.33
1000,1190,1635,1.33
1001,1180,1639,1.33
1002,1177,1639,1.33
1003,1165,1639,1.33
1004,1183,1637,1.33
1005,1188,1648,1.33
1006,1194,1624,1.33
1007,1181,1631,1.33
1008,1187,1637,1.33
1009,1168,1648,1.33
1010,1220,1642,1.33
1011,1190,1625,1.47
1012,1163,1635,1.20
1013,1171,1636,1.33
1014,1142,1646,1.20
1015,1022,1679,1.20
1016,950,1683,1.20
1017,817,1693,1.20
1018,487,1779,1.20
1019,425,1801,1.07
1020,414,1809,1.20
1021,398,1825,1.20
1022,402,1821,1.20
1023,432,1856,1.07
1024,464,1851,1.20
1025,497,1847,1.20
1026,543,1860,1.20
1027,564,1856,1.20
1028,593,1866,1.07
1029,608,1863,1.20
1030,624,1854,1.20
1031,641,1861,1.20
1032,667,1859,1.20
1033,688,1872,1.07
1034,685,1868,1.20
1035,718,1855,1.20
1036,720,1866,1.20
1037,731,1870,1.20
1038,746,1870,1.07
1039,749,1869,1.20
1040,759,1865,1.20
1041,774,1852,1.20
1042,787,1869,1.07
1043,793,1871,1.20
1044,802,1866,1.20
1045,814,1872,1.07
1046,816,1873,1.20
1047,831,1869,1.20
1048,835,1872,1.20
1049,847,1877,1.20
1050,848,1873,0.93
1051,848,1879,1.07
1052,854,1871,0.93
1053,853,1889,0.93
1054,851,1789,1.07
1055,861,1840,0.93
1056,876,1840,0.93
1057,865,1833,0.93
1058,852,1815,1.07
1059,862,1822,0.93
1060,838,1811,0.93
1061,775,1812,0.93
1062,754,1805,0.93
1063,762,1812,0.93
1064,572,1802,0.93
1065,257,1767,0.93
1066,208,1734,0.93
1067,253,1758,0.93
1068,196,1792,0.93
1069,0,1793,0.80
1070,0,1809,0.93
1071,0,1808,0.93
1072,0,1808,0.93
1073,0,1802,0.93
1074,0,1808,0.80
1075,0,1796,0.80
1076,0,1807,0.80
1077,0,1802,0.80
1078,0,1787,0.67
1079,0,1785,0.80
1080,0,1795,0.80
1081,0,1802,0.80
1082,0,1804,0.80
1083,0,1786,0.67
1084,0,1792,0.80
1085,0,1794,0.80
1086,0,1794,0.80
1087,0,1775,0.80
1088,963,1751,1.07
1089,978,1642,1.20
1090,976,1639,1.20
1091,995,1792,1.33
1092,1008,1808,1.33
1093,1011,1808,1.20
1094,1010,1808,1.33
1095,1011,1818,1.33
1096,998,1837,1.33
1097,994,1839,1.33
1098,957,1829,1.33
1099,945,1811,1.33
1100,925,1803,1.33
1101,897,1757,1.33
1102,871,1759,1.47
1103,871,1754,1.33
1104,858,1749,1.33
1105,880,1730,1.33
1106,898,1722,1.33
1107,799,1866,0.93
1108,847,1850,0.93
1109,870,1849,0.93
1110,880,1857,0.80
1111,880,1776,0.80
1112,896,1760,0.67
1113,890,1808,0.67
1114,895,1807,0.53
1115,837,1809,0.53
1116,827,1809,0.40
1117,618,1816,0.27
1118,479,1821,0.13
1119,374,1823,0.00
1120,324,1827,0.00
1121,321,1823,0.00
1122,318,1819,0.00
1123,276,1827,0.00
1124,239,1837,0.00
1125,263,1843,0.00
1126,247,1836,0.00
1127,224,1835,0.00
1128,204,1840,0.00
1129,173,1842,0.00
1130,175,1850,0.00
1131,166,1841,0.00
1132,168,1842,0.00
1133,122,1840,0.00
1134,115,1845,0.00
1135,11,1845,0.00
1136,0,1842,0.00
1137,3,1843,0.00
1138,0,1839,0.00
1139,3,1842,0.00
1140,0,1845,0.00
1141,11,1846,0.00
1142,0,1851,0.00
1143,0,1843,0.00
1144,0,1843,0.00
1145,0,1845,0.00
1146,0,1846,0.00
1147,0,1842,0.00
1148,1,1841,0.00
1149,0,1848,0.00
1150,0,1852,0.00
1151,6,1843,0.00
1152,7,1839,0.00
1153,0,1840,0.00
1154,0,1850,0.00
1155,1,1840,0.00
1156,0,1847,0.00
1157,0,1840,0.00
1158,0,1840,0.00
1159,2,1840,0.00
1160,0,1843,0.00
1161,1,1842,0.00
1162,5,1841,0.00
1163,0,1840,0.00
1164,9,1839,0.00
1165,0,1840,0.00
1166,0,1842,0.00
1167,0,1843,0.00
1168,0,1846,0.00
1169,0,1840,0.00
