Time_sec,TDS_raw,Turbidity_raw,Flow_L_min
0,1382,1600,1.33
1,1355,1559,1.33
2,1342,1562,1.33
3,1325,1535,1.47
4,1281,1520,1.33
5,1262,1511,1.47
6,1248,1518,1.47
7,1253,1523,1.47
8,1264,1510,1.47
9,1232,1497,1.47
10,1226,1494,1.47
11,1234,1479,1.47
12,1239,1488,1.47
13,1244,1497,1.47
14,1246,1491,1.47
15,1247,1501,1.47
16,1233,1504,1.47
17,1242,1503,1.47
18,1248,1505,1.47
19,1239,1508,1.47
20,1227,1514,1.33
21,1219,1520,1.47
22,1215,1503,1.47
23,1200,1505,1.47
24,1202,1512,1.47
25,1214,1519,1.47
26,1234,1517,1.47
27,1201,1520,1.47
28,1218,1506,1.47
29,1226,1509,1.47
30,1223,1516,1.47
31,1235,1518,1.47
32,1218,1520,1.47
33,1232,1520,1.47
34,1229,1520,1.47
35,1217,1520,1.33
36,1207,1517,1.47
37,1210,1520,1.47
38,1198,1520,1.47
39,1232,1510,1.47
40,1215,1525,1.33
41,1217,1522,1.47
42,1213,1526,1.33
43,1237,1522,1.33
44,1225,1531,1.47
45,1184,1535,1.33
46,1193,1535,1.33
47,1205,1535,1.33
48,1198,1535,1.33
49,1190,1558,1.47
50,1190,1535,1.33
51,1182,1561,1.47
52,1179,1563,1.33
53,1185,1561,1.33
54,1175,1574,1.33
55,1171,1573,1.33
56,1170,1584,1.33
57,1168,1584,1.33
58,1168,1597,1.33
59,1170,1597,1.20
60,1197,1592,1.33
61,1181,1600,1.33
62,1142,1616,1.20
63,1173,1625,1.33
64,1155,1610,1.33
65,1167,1602,1.33
66,1166,1609,1.20
67,1150,1617,1.33
68,1181,1600,1.20
69,1169,1614,1.33
70,1175,1623,1.20
71,1181,1654,1.20
72,1204,1654,1.33
73,1195,1656,1.20
74,1207,1648,1.20
75,1200,1648,1.33
76,1199,1659,1.20
77,1201,1654,1.33
78,1207,1650,1.33
79,1207,1652,1.33
80,1223,1666,1.20
81,1203,1666,1.20
82,1197,1655,1.33
83,1200,1664,1.07
84,1197,1647,1.20
85,1197,1648,1.20
86,1174,1639,1.20
87,1184,1657,1.33
88,1197,1649,1.20
89,1200,1658,1.33
90,1190,1651,1.20
91,1183,1651,1.20
92,1177,1651,1.20
93,1190,1654,1.20
94,1181,1642,1.20
95,1175,1648,1.20
96,1173,1646,1.20
97,1157,1642,1.20
98,1189,1639,1.20
99,1171,1577,1.20
100,1170,1555,1.07
101,1168,1651,1.20
102,1154,1648,1.07
103,1179,1655,1.20
104,1153,1663,1.20
105,1168,1648,1.20
106,1146,1648,1.07
107,1175,1648,1.20
108,1173,1661,1.20
109,1167,1651,1.07
110,1177,1668,1.07
111,1163,1659,1.20
112,1167,1636,1.20
113,1170,1635,1.07
114,1137,1648,1.20
115,1158,1648,1.20
116,1153,1646,1.07
117,1157,1648,1.20
118,1168,1651,1.07
119,1155,1649,1.07
120,1151,1648,1.20
121,1153,1645,1.20
122,1155,1644,1.07
123,1129,1636,1.07
124,1136,1645,1.20
125,1151,1648,1.07
126,1147,1643,1.20
127,1131,1643,1.07
128,1117,1648,1.20
129,1154,1648,1.07
130,1157,1646,1.07
131,1126,1650,1.07
132,1119,1648,0.93
133,1142,1648,1.07
134,1137,1648,1.20
135,1168,1641,1.07
136,1129,1649,1.07
137,1136,1647,1.07
138,1153,1637,1.20
139,1121,1648,1.07
140,1087,1663,0.93
141,1104,1648,1.20
142,1135,1643,1.07
143,1147,1633,0.93
144,1104,1653,1.07
145,1134,1648,1.20
146,1104,1648,1.07
147,1120,1622,1.07
148,1121,1643,1.07
149,1131,1645,1.20
150,1152,1635,1.07
151,1165,1638,1.07
152,1185,1631,1.07
153,1180,1638,1.07
154,1168,1635,1.20
155,1143,1643,1.07
156,1149,1648,1.20
157,1158,1643,1.20
158,1174,1648,1.07
159,1141,1629,1.07
160,1143,1646,1.20
161,1156,1634,1.20
162,1153,1638,1.20
163,1152,1648,1.20
164,1150,1640,1.07
165,1148,1635,1.20
166,1172,1631,1.20
167,1186,1643,1.20
168,1181,1642,1.07
169,1168,1626,1.20
170,1168,1637,1.20
171,1184,1627,1.07
172,1161,1638,1.20
173,1163,1634,1.20
174,1166,1630,1.20
175,1205,1621,1.20
176,1199,1629,1.07
177,1185,1621,1.20
178,1199,1616,1.20
179,1205,1622,1.20
180,1232,1619,1.20
181,1250,1620,1.07
182,1245,1614,1.20
183,1217,1632,1.20
184,1219,1629,1.20
185,1207,1630,1.20
186,1209,1618,1.20
187,1190,1617,1.07
188,1195,1627,1.20
189,1182,1626,1.20
190,1193,1623,1.07
191,1187,1629,1.20
192,1183,1620,1.07
193,1187,1631,1.20
194,1200,1623,1.07
195,1203,1626,1.20
196,1186,1616,1.07
197,1187,1617,1.07
198,1186,1628,1.20
199,1198,1627,1.20
200,1206,1631,1.07
201,1213,1639,1.20
202,1251,1610,1.07
203,1232,1618,1.20
204,1232,1626,1.07
205,1232,1623,1.20
206,1227,1618,1.20
207,1253,1613,1.07
208,1239,1616,1.20
209,1242,1616,1.07
210,1230,1615,1.20
211,1203,1619,1.07
212,1235,1611,1.20
213,1235,1609,1.07
214,1241,1616,1.20
215,1230,1616,1.07
216,1245,1611,1.07
217,1235,1613,1.20
218,1223,1609,1.07
219,1221,1616,1.07
220,1238,1607,1.20
221,1226,1607,1.07
222,1228,1610,1.20
223,1222,1613,1.07
224,1218,1611,1.20
225,1210,1611,1.07
226,1201,1601,1.20
227,1211,1607,1.20
228,1218,1619,1.07
229,1214,1632,1.20
230,1200,1638,1.07
231,1198,1631,1.20
232,1229,1627,1.07
233,1214,1625,1.07
234,1198,1634,1.20
235,1217,1628,1.20
236,1200,1632,1.07
237,1216,1631,1.20
238,1216,1623,1.07
239,1204,1624,1.07
240,1222,1620,1.20
241,1230,1622,1.07
242,1240,1616,1.20
243,1222,1611,1.20
244,1215,1613,1.07
245,1225,1603,1.07
246,1209,1623,1.20
247,1226,1616,1.20
248,1224,1605,1.07
249,1216,1621,1.20
250,1222,1612,1.07
251,1230,1612,1.07
252,1233,1607,1.20
253,1219,1609,1.07
254,1227,1613,1.20
255,1227,1618,1.07
256,1200,1616,1.20
257,1191,1619,1.07
258,1169,1634,1.07
259,1181,1634,1.20
260,1200,1629,1.07
261,1195,1624,1.20
262,1201,1619,1.07
263,1183,1629,1.07
264,1183,1623,1.20
265,1195,1628,1.07
266,1186,1622,1.20
267,1178,1616,1.07
268,1186,1620,1.07
269,1185,1618,1.07
270,1224,1615,1.20
271,1218,1616,1.07
272,1219,1613,1.20
273,1192,1631,1.07
274,1183,1623,1.20
275,1197,1631,1.07
276,1186,1616,1.20
277,1205,1618,1.07
278,1181,1633,1.20
279,1198,1626,1.07
280,1195,1634,1.20
281,1201,1623,1.20
282,1187,1626,1.07
283,1166,1643,1.20
284,1174,1633,1.07
285,1191,1620,1.20
286,1156,1637,1.20
287,1152,1631,1.07
288,1158,1627,1.20
289,1156,1637,1.07
290,1158,1629,1.20
291,1153,1638,1.07
292,1149,1643,1.20
293,1150,1635,1.07
294,1139,1639,1.20
295,1139,1638,1.07
296,1154,1619,1.20
297,1125,1645,1.07
298,1118,1638,1.20
299,1104,1643,1.07
300,1113,1639,1.07
301,1130,1637,1.20
302,1115,1634,1.20
303,1113,1646,1.07
304,1119,1643,1.20
305,1104,1641,1.20
306,1094,1646,1.07
307,1103,1633,1.20
308,1086,1648,1.07
309,1072,1655,1.20
310,1094,1648,1.07
311,1098,1649,1.20
312,1082,1667,1.20
313,1093,1654,1.20
314,1104,1645,1.07
315,1086,1659,1.20
316,1093,1645,1.20
317,1088,1649,1.20
318,1093,1648,1.20
319,1094,1650,1.20
320,1081,1651,1.20
321,1088,1649,1.07
322,1088,1651,1.20
323,1072,1655,1.20
324,1087,1658,1.07
325,1091,1647,1.20
326,1094,1659,1.20
327,1096,1654,1.20
328,1094,1649,1.20
329,1091,1648,1.20
330,1085,1648,1.20
331,1063,1659,1.07
332,1097,1652,1.20
333,1104,1635,1.20
334,1086,1666,1.20
335,1060,1667,1.20
336,1063,1669,1.20
337,1049,1664,1.20
338,1079,1662,1.07
339,1078,1662,1.20
340,1067,1663,1.20
341,1073,1662,1.20
342,1084,1655,1.20
343,1056,1675,1.20
344,1042,1674,1.20
345,1039,1667,1.07
346,1036,1669,1.20
347,1067,1661,1.07
348,1059,1662,1.20
349,1062,1665,1.20
350,1045,1672,1.07
351,1034,1679,1.20
352,1051,1677,1.20
353,1042,1661,1.20
354,1011,1681,1.20
355,1011,1679,1.07
356,1057,1665,1.20
357,924,1718,1.07
358,915,1721,0.93
359,862,1744,0.93
360,839,1775,0.67
361,817,1779,0.80
362,821,1790,0.80
363,833,1808,0.80
364,844,1835,0.80
