Time_sec,TDS_raw,Turbidity_raw,Flow_L_min
0,0,1585,0.27
1,2209,1566,1.07
2,2203,1662,1.33
3,2230,1607,1.20
4,2415,1535,1.33
5,2353,1499,1.33
6,2237,1457,1.33
7,2125,1409,1.33
8,2096,1397,1.47
9,2033,1350,1.33
10,1936,1369,1.47
11,1858,1323,1.47
12,1773,1268,1.33
13,1749,1263,1.47
14,1738,1143,1.33
15,1725,1216,1.47
16,1711,1206,1.47
17,1717,1205,1.47
18,1725,1213,1.33
19,1714,1197,1.47
20,1703,1204,1.47
21,1706,1201,1.60
22,1706,1200,1.47
23,1716,1201,1.47
24,1700,1203,1.47
25,1701,1206,1.47
26,1696,1209,1.47
27,1702,1215,1.47
28,1693,1228,1.60
29,1706,1235,1.47
30,1699,1236,1.47
31,1700,1245,1.47
32,1700,1234,1.47
33,1701,1246,1.47
34,1709,1250,1.60
35,1710,1259,1.47
36,1708,1264,1.47
37,1719,1264,1.47
38,1697,1271,1.47
39,1711,1270,1.47
40,1710,1274,1.60
41,1717,1273,1.47
42,1719,1280,1.47
43,1714,1278,1.47
44,1709,1285,1.47
45,1712,1289,1.47
46,1705,1284,1.60
47,1706,1293,1.47
48,1712,1289,1.47
49,1711,1277,1.47
50,1703,1296,1.47
51,1701,1302,1.47
52,1707,1301,1.47
53,1707,1291,1.47
54,1694,1290,1.47
55,1697,1301,1.47
56,1702,1286,1.47
57,1712,1287,1.47
58,1709,1296,1.47
59,1707,1296,1.47
60,1712,1306,1.47
61,1712,1299,1.47
62,1703,1307,1.47
63,1717,1296,1.33
64,1723,1319,1.47
65,1731,1316,1.47
66,1717,1315,1.47
67,1719,1314,1.47
68,1744,1309,1.33
69,1719,1326,1.47
70,1741,1322,1.33
71,1722,1335,1.47
72,1729,1330,1.47
73,1740,1343,1.33
74,1743,1335,1.47
75,1730,1339,1.47
76,1744,1355,1.47
77,1738,1351,1.47
78,1745,1353,1.33
79,1744,1354,1.47
80,1736,1360,1.47
81,1747,1363,1.47
82,1733,1364,1.47
83,1726,1381,1.47
84,1734,1376,1.47
85,1723,1383,1.33
86,1739,1392,1.47
87,1745,1383,1.47
88,1739,1405,1.47
89,1726,1407,1.33
90,1728,1411,1.47
91,1719,1423,1.47
92,1731,1418,1.33
93,1723,1419,1.47
94,1728,1429,1.33
95,1718,1427,1.47
96,1712,1440,1.47
97,1706,1437,1.33
98,1727,1446,1.47
99,1712,1447,1.47
100,1719,1444,1.47
101,1717,1463,1.33
102,1712,1455,1.47
103,1717,1461,1.33
104,1712,1465,1.47
105,1707,1467,1.47
106,1710,1476,1.33
107,1722,1475,1.47
108,1726,1487,1.33
109,1729,1482,1.47
110,1713,1488,1.33
111,1733,1482,1.33
112,1718,1486,1.33
113,1725,1499,1.33
114,1728,1492,1.47
115,1741,1491,1.33
116,1734,1495,1.33
117,1731,1494,1.33
118,1733,1502,1.33
119,1744,1495,1.33
120,1731,1494,1.47
121,1735,1502,1.33
122,1725,1505,1.33
123,1729,1511,1.47
124,1727,1514,1.33
125,1719,1516,1.33
126,1725,1513,1.33
127,1731,1513,1.33
128,1731,1511,1.33
129,1725,1525,1.33
130,1725,1521,1.33
131,1719,1527,1.33
132,1718,1527,1.33
133,1726,1530,1.33
134,1721,1535,1.33
135,1712,1534,1.33
136,1715,1535,1.33
137,1724,1535,1.33
138,1725,1535,1.33
139,1718,1535,1.33
140,1722,1535,1.33
141,1725,1534,1.33
142,1717,1535,1.33
143,1721,1535,1.33
144,1718,1535,1.33
145,1733,1555,1.33
146,1713,1559,1.20
147,1712,1569,1.33
148,1714,1535,1.33
149,1714,1535,1.33
150,1724,1535,1.33
151,1712,1535,1.20
152,1728,1557,1.33
153,1713,1535,1.33
154,1719,1535,1.33
155,1723,1564,1.20
156,1712,1579,1.33
157,1728,1571,1.33
158,1729,1570,1.20
159,1725,1564,1.33
160,1735,1570,1.33
161,1688,1591,1.20
162,1750,1712,1.20
163,1769,1741,0.93
164,1790,1732,0.67
165,1854,1789,0.80
166,1891,1805,0.80
167,1910,1838,0.80
168,1920,1837,0.93
169,1930,1850,0.93
170,1920,1856,0.93
171,1926,1855,1.07
172,1913,1866,1.07
173,1900,1879,1.07
174,1888,1886,1.20
175,1874,1893,1.07
176,1865,1895,1.07
177,1849,1899,1.20
178,1839,1900,1.07
179,1825,1895,1.20
180,1823,1904,1.20
181,1824,1903,1.20
182,1808,1895,1.07
183,1808,1902,1.20
184,1830,1908,1.20
185,1822,1910,1.07
186,1799,1907,1.20
187,1791,1904,1.20
188,1789,1906,1.07
189,1798,1911,1.20
190,1795,1909,1.07
191,1788,1911,1.20
192,1791,1920,1.07
193,1794,1911,1.20
194,1794,1917,1.20
195,1793,1907,1.07
196,1824,1924,1.20
197,1812,1920,1.20
198,1813,1918,1.20
199,1818,1922,1.07
200,1823,1920,1.20
201,1811,1917,1.20
202,1819,1911,1.07
203,1839,1910,1.20
204,1836,1923,1.07
205,1819,1919,1.20
206,1826,1915,1.20
207,1840,1911,1.07
208,1841,1913,1.20
209,1831,1919,1.20
210,1839,1926,1.07
211,1847,1919,1.20
212,1827,1921,1.07
213,1850,1919,1.20
214,1865,1933,1.07
215,1871,1929,1.20
216,1850,1927,1.20
217,1855,1920,1.07
218,1845,1915,1.20
219,1869,1913,1.20
220,1882,1894,1.07
221,1872,1897,1.20
222,1872,1887,1.07
223,1886,1882,1.20
224,1891,1879,1.07
225,1893,1877,1.20
226,1888,1855,1.20
227,1899,1873,1.07
228,1905,1869,1.20
229,1904,1881,1.07
230,1913,1881,1.20
231,1933,1885,1.20
232,1919,1889,1.07
233,1918,1886,1.20
234,1930,1890,1.20
235,1945,1894,1.07
236,1923,1888,1.20
237,1949,1890,1.20
238,1943,1895,1.07
239,1936,1887,1.20
240,1941,1878,1.20
241,1950,1887,1.07
242,1949,1885,1.20
243,1953,1887,1.07
244,1941,1886,1.20
245,1937,1875,1.20
246,1957,1881,1.07
247,1941,1884,1.20
248,1953,1879,1.07
249,1937,1878,1.20
250,1938,1957,1.20
251,1961,1929,1.07
252,1947,1888,1.20
253,1949,1884,1.07
254,1949,1872,1.20
255,1952,1867,1.20
256,1931,1872,1.07
257,1946,1869,1.20
258,1947,1871,1.07
259,1939,1869,1.20
260,1955,1872,1.20
261,1946,1868,1.07
262,1951,1863,1.20
263,1957,1868,1.20
264,1954,1874,1.07
265,1968,1863,1.20
266,1960,1866,1.20
267,1955,1863,1.07
268,1967,1869,1.20
269,1967,1862,1.07
270,1968,1857,1.20
271,1960,1854,1.07
272,1968,1852,1.20
273,1953,1858,1.20
274,1958,1857,1.07
275,1964,1850,1.20
276,1954,1847,1.20
277,1957,1853,1.07
278,1968,1853,1.20
279,1968,1851,1.07
280,1963,1861,1.20
281,1955,1858,1.20
282,1968,1861,1.07
283,1970,1855,1.20
284,1969,1857,1.20
285,1951,1856,1.07
286,1953,1862,1.20
287,1959,1862,1.07
288,1958,1968,1.20
289,1955,1905,1.20
290,1958,2007,1.07
291,1963,1933,1.20
292,1978,1878,1.07
293,1966,1883,1.20
294,1959,1878,1.20
295,1958,1877,1.07
296,1959,1879,1.20
297,1966,1872,1.20
298,1963,1872,1.07
299,1971,1875,1.20
300,1952,1874,1.07
301,1942,1873,1.20
302,1963,1872,1.07
303,1953,1870,1.20
304,1957,1863,1.07
305,1957,1855,1.20
306,1962,1860,1.07
307,1953,1857,1.20
308,1961,1979,1.20
309,1962,1904,1.07
310,1968,1873,1.20
311,1979,1882,1.07
312,1955,1870,1.20
313,1953,1870,1.07
314,1959,1869,1.20
315,1958,1858,1.07
316,1956,1859,1.20
317,1965,1856,1.07
318,1979,1856,1.20
319,1968,1851,1.20
320,1958,1851,1.07
321,1950,1849,1.20
322,1955,1841,1.07
323,1961,1845,1.20
324,1957,1854,1.07
325,1959,2992,1.20
326,1954,3087,1.07
327,1953,3090,1.20
328,1964,3095,1.07
329,1963,3093,1.20
330,1953,3133,1.07
331,1944,3133,1.20
332,1949,3139,1.07
333,1947,3091,1.20
334,1937,3111,1.07
335,1926,3139,1.20
336,1935,3133,1.07
337,1945,3137,1.20
338,1937,3150,1.07
339,1934,3139,1.20
340,1934,3122,1.07
341,1933,3133,1.20
342,1951,3134,1.07
343,1928,3136,1.20
344,1943,3142,1.07
345,1941,3136,1.20
346,1921,3135,1.07
347,1911,3138,1.20
348,1902,3132,1.07
349,1919,3136,1.20
350,1910,3142,1.07
351,1926,3139,1.20
352,1930,3134,1.07
353,1917,3141,1.20
354,1909,3145,1.07
355,1919,3139,1.20
356,1919,3151,1.07
357,1917,3139,1.20
358,1918,3145,1.07
359,1917,3139,1.20
360,1906,3133,1.07
361,1907,3136,1.20
362,1914,3142,1.07
363,1919,3138,1.20
364,1905,3127,1.07
365,1907,3138,1.20
366,1890,3131,1.07
367,1891,3136,1.20
368,1897,3139,1.07
369,1904,3129,1.20
370,1893,3136,1.20
371,1906,3140,1.07
372,1906,3142,1.20
373,1887,3136,1.07
374,1882,3137,1.20
375,1903,3138,1.07
376,1900,3138,1.20
377,1889,3145,1.07
378,1898,3134,1.20
379,1910,3133,1.07
380,1892,3139,1.20
381,1893,3136,1.07
382,1897,3143,1.07
383,1883,3138,1.20
384,1890,3135,1.07
385,1872,3137,1.20
386,1877,3139,1.07
387,1874,3137,1.07
388,1886,3143,1.20
389,1872,3136,1.07
390,1885,3133,1.20
391,1883,3137,1.07
392,1879,3132,1.07
393,1879,3139,1.20
394,1878,3127,1.07
395,1885,3131,1.07
396,1858,3139,1.20
397,1868,3142,1.07
398,1866,3139,1.20
399,1858,3135,1.07
400,1876,3147,1.07
401,1878,3136,1.20
402,1874,3130,1.07
403,1862,3134,1.20
404,1856,3130,1.07
405,1857,3134,1.20
406,1861,3131,1.07
407,1838,3145,1.07
408,1834,3139,1.20
409,1853,3129,1.07
410,1859,3142,1.07
411,1842,3133,1.20
412,1867,3136,1.07
413,1839,3131,1.07
414,1837,3138,1.20
415,1840,3133,1.07
416,1838,3133,1.07
417,1824,3143,1.20
418,1826,3139,1.07
419,1815,3132,1.07
420,1835,3135,1.20
421,1831,3138,1.07
422,1838,3131,1.07
423,1839,3137,1.20
424,1831,3136,1.07
425,1819,3136,1.07
426,1834,3137,1.07
427,1810,3132,1.20
428,1810,3138,1.07
429,1811,3130,1.20
430,1815,3153,1.07
431,1803,3136,1.07
432,1803,3142,1.20
433,1806,3135,1.07
434,1838,3137,1.07
435,1811,3143,1.07
436,1808,3139,1.20
437,1814,3143,1.07
438,1808,3134,1.07
439,1811,3141,1.07
440,1827,3137,1.20
441,1809,3136,1.07
442,1830,3138,1.07
443,1826,3136,1.07
444,1823,3136,1.20
445,1797,3142,1.07
446,1803,3140,1.07
447,1813,3136,1.20
448,1807,3142,1.07
449,1808,3128,1.07
450,1811,3137,1.07
451,1825,3136,1.07
452,1813,3138,1.20
453,1808,3135,1.07
454,1799,3130,1.07
455,1797,3138,1.07
456,1835,3138,1.20
457,1821,3136,1.07
458,1833,3137,1.07
459,1819,3136,1.07
460,1828,3145,1.20
461,1829,3138,1.07
462,1829,3136,1.07
463,1825,3135,1.20
464,1825,3138,1.07
465,1837,3135,1.07
466,1842,3133,1.07
467,1834,3136,1.20
468,1832,3139,1.07
469,1813,3142,1.07
470,1839,3139,1.07
471,1835,3138,1.07
472,1833,3142,1.20
473,1840,3137,1.07
474,1826,3135,1.07
475,1840,3142,1.07
476,1826,3136,1.07
477,1833,3136,1.20
478,1831,3137,1.07
479,1826,3137,1.07
480,1820,3136,1.07
481,1831,3142,1.07
482,1846,3138,1.07
483,1829,3136,1.20
484,1822,3135,1.07
485,1837,3135,1.07
486,1819,3136,1.07
487,1837,3137,1.07
488,1836,3136,1.07
489,1835,3127,1.07
490,1815,3120,1.20
491,1813,3134,1.07
492,1811,3133,1.07
493,1811,3136,1.07
494,1818,3139,1.07
495,1825,3139,1.20
496,1819,3143,1.07
497,1822,3135,1.07
498,1824,3136,1.07
499,1830,3149,1.07
500,1804,3138,1.07
501,1804,3132,1.07
502,1807,2377,1.07
503,1818,3137,1.20
504,1830,3126,1.07
505,1821,3122,1.07
506,1815,3131,1.07
507,1829,3125,1.07
508,1807,3130,1.07
509,1791,3120,1.20
510,1803,3126,1.07
511,1804,3124,1.07
512,1821,3117,1.07
513,1830,3127,1.07
514,1808,3124,1.07
515,1798,3127,1.20
516,1808,3134,1.07
517,1804,3136,1.07
518,1822,3139,1.07
519,1826,3129,1.07
520,1825,3139,1.07
521,1798,3137,1.07
522,1797,3137,1.07
523,1810,3136,1.07
524,1809,3135,1.20
525,1799,3129,1.07
526,1799,3131,1.07
527,1799,3133,1.07
528,1800,3141,1.07
529,1799,3137,1.07
530,1791,3141,1.07
531,1807,3135,1.07
532,1802,3134,1.20
533,1789,3134,1.07
534,1787,3136,1.07
535,1793,3133,1.07
536,1781,3129,1.07
537,1803,3126,1.07
538,1793,3135,1.07
539,1785,3129,1.07
540,1799,3131,1.07
541,1792,3132,1.20
542,1792,3131,1.07
543,1785,3127,1.07
544,1786,3134,1.07
545,1783,3126,1.07
546,1785,3127,1.07
547,1786,3123,1.07
548,1792,3119,1.07
549,1798,3114,1.07
550,1798,3071,1.07
551,1797,3120,1.20
552,1804,3024,1.07
553,1794,3122,1.07
554,1778,3131,1.07
555,1790,3134,1.07
556,1797,3133,1.07
557,1786,3127,1.07
558,1767,3131,1.07
559,1767,3135,1.07
560,1793,3136,1.07
561,1790,3139,1.20
562,1782,3135,1.07
563,1780,3127,1.07
564,1779,3011,1.07
565,1773,2973,1.07
566,1758,3026,1.07
567,1789,3068,1.07
568,1767,3088,1.07
569,1753,3098,1.07
570,1765,3086,1.07
571,1760,3014,1.07
572,1751,3088,1.07
573,1767,3067,1.07
574,1749,3071,1.20
575,1758,3083,1.07
576,1754,3087,1.07
577,1758,3102,1.07
578,1769,3104,1.07
579,1755,3117,1.07
580,1762,3117,1.07
581,1757,3104,1.07
582,1766,3094,1.07
583,1744,3083,1.07
584,1738,3103,1.07
585,1761,3104,1.07
586,1749,3091,1.07
587,1744,3117,1.07
588,1763,3114,1.20
589,1747,3121,1.07
590,1742,3120,1.07
591,1739,3118,1.07
592,1754,3119,1.07
593,1744,3083,1.07
594,1723,3081,1.07
595,1741,3097,1.07
596,1733,3125,1.07
597,1732,3129,1.07
598,1731,3123,1.07
599,1732,3031,1.07
600,1737,3069,1.07
601,1715,3088,1.07
602,1722,3071,1.07
603,1735,3088,1.07
604,1721,3113,1.07
605,1733,3095,1.07
606,1725,3105,1.07
607,1725,3119,1.07
608,1728,3124,1.07
609,1715,3108,1.07
610,1730,3109,1.07
611,1722,3122,1.07
612,1738,3121,1.20
613,1725,3117,1.07
614,1743,3119,1.07
615,1740,3120,1.07
616,1744,3103,1.07
617,1746,3139,1.07
618,1755,3141,1.07
619,1761,3138,1.07
620,1771,3138,1.07
621,1777,3135,1.07
622,1776,3136,1.07
623,1767,3137,1.07
624,1778,3141,1.07
625,1760,3135,1.07
626,1793,3136,1.07
627,1789,3137,1.07
628,1788,3137,1.07
629,1803,3139,1.07
630,1813,3136,1.07
631,1809,3139,1.07
632,1816,3131,1.07
633,1817,3138,1.07
634,1818,3136,1.07
635,1808,3145,1.07
636,1841,3127,1.07
637,1839,3135,1.07
638,1841,3133,1.07
639,1849,3139,1.07
640,1857,3138,1.07
641,1869,3138,1.07
642,1870,3143,0.93
643,1872,3134,1.07
644,1873,3139,1.07
645,1872,3134,1.07
646,1874,3129,1.07
647,1885,3131,1.07
648,1888,3134,1.07
649,1903,3137,0.93
650,1885,3137,1.07
651,1902,3136,1.07
652,1904,3137,1.07
653,1910,3136,1.07
654,1905,3135,0.93
655,1926,3130,1.07
656,1911,3134,1.07
657,1929,3136,1.07
658,1936,3136,1.07
659,1936,3131,0.93
660,1947,3139,1.07
661,1951,3135,1.07
662,1965,3133,1.07
663,1976,3135,0.93
664,1968,3136,1.07
665,1971,3138,1.07
666,1981,3129,0.93
667,1970,3134,1.07
668,1990,3121,1.07
669,1998,3106,0.93
670,1995,3130,1.07
671,2010,3123,1.07
672,2028,3084,0.93
673,2032,3098,1.07
674,2029,3051,1.07
675,2043,3070,0.93
676,2063,3056,1.07
677,2064,3088,0.93
678,2063,3099,1.07
679,2069,3098,0.93
680,2088,3091,1.07
681,2085,3113,0.93
682,2096,3057,1.07
683,2102,3041,0.93
684,2113,3020,0.93
685,2122,3047,1.07
686,2128,3044,0.93
687,2142,3041,1.07
688,2150,3026,0.93
689,2145,3024,0.93
690,2160,3027,1.07
691,2169,3047,0.93
692,2169,3019,0.93
693,2176,3024,0.93
694,2181,2991,1.07
695,2198,3071,0.93
696,2192,3091,0.93
697,2192,3089,0.93
698,2197,3071,1.07
699,2203,3118,0.93
700,2205,3120,0.93
701,2209,3124,0.93
702,2215,3120,0.93
703,2226,3122,0.93
704,2224,3109,0.93
705,2214,3114,0.93
706,2233,3058,0.93
707,2236,3127,0.93
708,2213,3135,0.93
709,2246,3129,0.93
710,2241,3135,0.93
711,2239,3131,0.93
712,2224,3134,0.93
713,2215,3135,0.93
714,2240,3120,0.93
715,2244,3126,0.93
716,2251,3120,0.80
717,2240,3126,0.93
718,2239,3123,0.93
719,2253,3125,0.93
720,2189,3122,0.80
721,2234,3121,0.93
722,2281,3122,0.93
723,2230,3120,0.80
724,2166,3126,0.93
725,2124,3123,0.80
726,2166,3122,0.93
727,2179,3124,0.93
728,2135,3122,0.80
729,2128,3130,0.93
730,2095,3123,0.80
731,2038,3123,0.80
732,2102,3127,0.93
733,2091,3121,0.80
734,2137,3131,0.80
735,2015,3130,0.80
736,2059,3125,0.80
737,2032,3129,0.80
738,2064,3126,0.80
739,2122,3126,0.80
740,2059,3126,0.80
741,2025,3130,0.67
742,2007,3121,0.80
743,2069,3120,0.80
744,2027,3129,0.67
745,2036,3117,0.67
746,2043,3122,0.80
747,1939,3131,0.67
748,2001,3127,0.80
749,1818,3121,0.67
750,1850,3126,0.67
751,1996,3127,0.67
752,2035,3126,0.80
753,1936,3122,0.67
754,1872,3126,0.67
755,1905,3117,0.67
756,2003,3117,0.80
757,1979,3127,0.67
758,1969,3118,0.67
759,1967,3113,0.67
760,2009,3123,0.67
761,2013,3131,0.67
762,2080,3115,0.67
763,1377,3107,0.67
764,1158,3120,0.67
765,897,3119,0.67
766,1039,3118,0.67
767,1022,3109,0.67
768,1092,3107,0.67
769,171,3115,0.67
770,241,3120,0.53
771,559,3110,0.67
772,674,3113,0.53
773,816,3105,0.67
774,282,3118,0.53
775,457,3110,0.53
776,318,3125,0.53
777,336,3118,0.53
778,355,3114,0.53
779,359,3106,0.53
780,835,3099,0.53
781,373,3109,0.53
782,394,3102,0.53
783,411,3106,0.53
784,413,3105,0.53
785,420,3097,0.53
786,621,3104,0.53
787,460,3119,0.53
788,692,3113,0.53
789,910,3095,0.53
790,835,3095,0.53
791,778,3098,0.53
792,781,3106,0.53
793,546,3094,0.53
794,559,3093,0.67
795,1014,3087,0.53
796,771,3085,0.67
797,1306,3084,0.67
798,630,3089,0.53
799,1247,3083,0.67
800,725,3071,0.53
801,1200,3082,0.67
802,1047,3071,0.67
803,1612,3087,0.80
804,1668,3071,0.80
805,1469,3071,0.67
806,1434,3071,0.53
807,1335,3080,0.53
808,1292,3071,0.53
809,1200,3070,0.53
810,1071,3071,0.53
811,1117,3083,0.53
812,1043,3071,0.53
813,758,3063,0.67
814,769,3071,0.53
815,977,3069,0.67
816,1109,3071,0.53
817,912,3071,0.67
818,1200,3092,0.53
819,916,3086,0.67
820,1615,3088,0.53
821,1333,3061,0.67
822,1311,3067,0.53
823,1046,3067,0.67
824,1485,3064,0.53
825,1386,3071,0.67
826,1301,3061,0.67
827,1521,3066,0.67
828,1417,3071,0.67
829,1535,3071,0.53
830,1298,3067,0.53
831,1254,3071,0.67
832,1322,3071,0.53
833,1363,3067,0.67
834,1365,3084,0.53
835,1143,3071,0.67
836,1697,3071,0.53
837,1433,3081,0.53
838,1282,3071,0.67
839,978,3093,0.53
840,1061,3100,0.67
841,1179,3091,0.53
842,1281,3094,0.53
843,1298,3109,0.67
844,1014,3105,0.53
845,1270,3095,0.53
846,1282,3098,0.53
847,1283,3095,0.53
848,1294,3103,0.53
849,1271,3113,0.53
850,1255,3102,0.53
851,1267,3110,0.53
852,1143,3109,0.40
853,1260,3102,0.53
854,1232,3105,0.53
855,1221,3109,0.53
856,1232,3120,0.53
857,1269,3115,0.40
858,1273,3109,0.53
859,1186,3103,0.53
860,1239,3120,0.40
861,1195,3114,0.53
862,1247,3109,0.40
863,1253,3110,0.53
864,1158,3109,0.40
865,1053,3110,0.40
866,1168,3103,0.53
867,1127,3101,0.40
868,1179,3102,0.40
869,1139,3103,0.40
870,1082,3110,0.53
871,1040,3097,0.40
872,1049,3106,0.40
873,1099,3107,0.40
874,1097,3115,0.40
875,1168,3105,0.40
876,1200,3100,0.40
877,1103,3109,0.40
878,1260,3106,0.40
879,1058,3115,0.27
880,1207,3110,0.40
881,1193,3111,0.40
882,1042,3105,0.40
883,1199,3103,0.27
884,1225,3102,0.40
885,1239,3099,0.27
886,1142,3135,0.40
887,1199,3071,0.27
888,1179,3071,0.40
889,1166,3082,0.27
890,1142,3094,0.40
891,1104,3061,0.27
892,1040,3056,0.27
893,1127,3065,0.40
894,1249,3058,0.53
895,1125,3057,0.53
896,1597,3071,0.53
897,1749,3082,0.67
898,1712,3062,0.53
899,1719,3057,0.53
900,1739,3061,0.67
901,1634,3085,0.40
902,1323,3088,0.53
903,1380,3071,0.40
904,1232,3061,0.40
905,1311,3058,0.40
906,1323,3068,0.27
907,1215,3071,0.27
908,1266,3071,0.13
909,1095,3071,0.13
910,869,3071,0.13
911,265,3099,0.00
912,258,3091,0.00
913,251,3095,0.00
914,255,3071,0.00
915,261,3055,0.00
916,264,3049,0.00
917,267,3043,0.00
918,261,3028,0.00
919,259,3051,0.00
920,258,3043,0.00
921,271,3050,0.00
922,267,3057,0.00
923,269,3061,0.00
924,269,3061,0.00
925,747,3057,0.00
926,1342,3063,0.40
927,2151,3059,0.40
928,2336,3057,0.27
929,2547,3056,0.53
930,2464,3065,0.53
931,2341,3062,0.80
932,2211,3070,0.67
933,2135,3057,0.80
934,1936,3049,0.67
935,1643,3053,0.67
936,1740,3047,0.67
937,1711,3056,0.80
938,1738,3051,0.67
939,1712,3056,0.67
940,1285,3054,0.67
941,1079,3056,0.53
942,1086,3051,0.67
943,1147,3056,0.53
944,421,3063,0.53
945,497,3056,0.67
946,351,3049,0.53
947,727,3053,0.53
948,723,3055,0.53
949,789,3055,0.67
950,718,3140,0.53
951,475,3137,0.53
952,507,3135,0.53
953,511,3139,0.53
954,525,3134,0.53
955,528,3133,0.53
956,535,3129,0.53
957,926,3131,0.53
958,1185,3133,0.67
959,1984,3138,0.67
960,2234,3136,0.80
961,2514,3134,0.67
962,2559,3053,0.67
963,2615,3107,0.80
964,2608,3031,0.67
965,2608,3097,0.80
966,2669,2939,0.80
967,2710,2853,0.93
968,2722,2887,0.93
969,2722,2874,1.07
970,2691,2866,0.93
971,2559,2858,1.07
972,2537,2878,1.07
973,2498,2926,1.07
974,2463,2939,1.07
975,2405,2939,1.07
976,2367,2922,1.20
977,2309,2918,1.20
978,2241,2911,1.07
979,2106,2913,1.20
980,2054,2902,1.20
981,1978,2887,1.20
982,1929,2879,1.33
983,1875,2875,1.20
984,1845,2870,1.20
985,1803,2852,1.20
986,1804,2853,1.20
987,1776,2854,1.33
988,1767,2864,1.20
989,1763,2846,1.20
990,1744,2865,1.20
991,1753,2864,1.20
992,1745,2855,1.20
993,1744,2851,1.33
994,1738,2842,1.20
995,1739,2842,1.20
996,1739,2853,1.20
997,1730,2857,1.33
998,1738,2851,1.20
999,1732,2848,1.20
1000,1730,2855,1.33
1001,1732,2847,1.20
1002,1725,2837,1.20
1003,1743,2832,1.20
1004,1726,2846,1.20
1005,1728,2846,1.33
1006,1727,2851,1.20
1007,1733,2867,1.20
1008,1737,2861,1.20
1009,1731,2865,1.20
1010,1745,2864,1.20
1011,1731,2870,1.20
1012,1725,2877,1.20
1013,1725,2889,1.20
1014,1730,2881,1.20
1015,1727,2869,1.20
1016,1719,2855,1.20
1017,1725,2843,1.20
1018,1726,2854,1.20
1019,1724,2844,1.33
1020,1731,2861,1.20
1021,1729,2843,1.20
1022,1728,2838,1.20
1023,1718,2861,1.20
1024,1734,2859,1.20
1025,1734,2853,1.20
1026,1741,2868,1.20
1027,1730,2847,1.20
1028,1724,2871,1.20
1029,1731,2862,1.20
1030,1735,2879,1.20
1031,1745,2881,1.20
1032,1744,2891,1.20
1033,1741,2890,1.20
1034,1743,2887,1.07
1035,1805,2902,1.07
1036,1857,2904,1.07
1037,1883,2905,0.93
1038,1921,2898,0.93
1039,1950,2903,0.93
1040,1958,2910,0.93
1041,1971,2909,0.80
1042,1973,2917,0.80
1043,1981,2915,0.80
1044,1991,2926,0.80
1045,1979,2925,0.80
1046,1981,2919,0.93
1047,1983,2923,0.93
1048,1974,2923,0.67
1049,1964,2940,0.67
1050,1968,2939,0.80
1051,1966,2896,0.93
1052,1942,2858,0.93
1053,1943,2917,1.07
1054,1936,2928,1.07
1055,1936,2912,1.07
1056,1935,2926,1.07
1057,1939,2935,1.07
1058,1933,2921,1.07
1059,1936,2918,1.07
1060,1957,2914,1.20
1061,1940,2914,1.07
1062,1953,2916,1.20
1063,1955,2895,1.07
1064,1947,2911,1.20
1065,1952,2896,1.07
1066,1940,2900,1.20
1067,1953,2896,1.07
1068,1949,2895,0.93
1069,1949,2875,0.80
1070,1933,2876,1.07
1071,1951,2887,1.07
1072,1942,2869,1.07
1073,1943,2877,1.07
1074,1937,2886,1.07
1075,1932,2896,0.93
1076,1936,2894,1.20
1077,1930,2896,1.07
1078,1933,2893,1.07
1079,1938,2890,1.07
1080,1927,2906,1.07
1081,1930,2894,1.07
1082,1933,2882,1.07
1083,1929,2884,1.07
1084,1935,2875,1.07
1085,1937,2875,1.07
1086,1938,2865,1.07
1087,1930,2878,0.93
1088,1937,2869,1.07
1089,1947,2859,0.93
1090,1935,2861,1.07
1091,1952,2870,0.93
1092,1936,2847,1.07
1093,1941,2847,0.93
1094,1933,2864,0.93
1095,1934,2835,0.93
1096,1920,2850,0.80
1097,1909,2805,0.93
1098,1919,2813,0.80
1099,1910,2829,0.93
1100,1897,2842,0.80
1101,1885,2841,0.67
1102,1875,2832,0.80
1103,1879,2839,0.80
1104,1871,2853,0.67
1105,1858,2847,0.67
1106,1839,2849,0.67
1107,1799,2855,0.53
1108,1715,2858,0.53
1109,1674,2860,0.53
1110,1647,2864,0.40
1111,1535,2851,0.40
1112,1511,2862,0.40
1113,1437,2864,0.27
1114,1366,2867,0.27
1115,1235,2843,0.27
1116,1221,2848,0.27
1117,1154,2849,0.27
1118,1126,2880,0.13
1119,1110,2898,0.00
1120,1005,2910,0.00
1121,983,2935,0.00
1122,999,2916,0.00
1123,922,2928,0.00
1124,883,2928,0.00
1125,912,2931,0.00
1126,848,2928,0.00
1127,841,2935,0.00
1128,830,2937,0.00
1129,815,2934,0.00
1130,783,2944,0.00
1131,777,2957,0.00
1132,741,2975,0.00
1133,745,2982,0.00
1134,719,2990,0.00
1135,707,2986,0.00
1136,667,2992,0.00
1137,682,2993,0.00
1138,670,2992,0.00
1139,639,2990,0.00
1140,641,2995,0.00
1141,608,2992,0.00
1142,623,2995,0.00
1143,602,2995,0.00
1144,599,2999,0.00
1145,592,2994,0.00
1146,570,3005,0.00
1147,562,2993,0.00
1148,562,3005,0.00
1149,534,2989,0.00
1150,537,2999,0.00
1151,528,2993,0.00
1152,528,2991,0.00
1153,497,2993,0.00
1154,528,2978,0.00
1155,496,2983,0.00
1156,500,2983,0.00
1157,494,2983,0.00
1158,493,2992,0.00
1159,474,2975,0.00
1160,463,2993,0.00
1161,449,2970,0.00
1162,446,2970,0.00
1163,432,2975,0.00
1164,418,2966,0.00
1165,400,2961,0.00
1166,400,2967,0.00
1167,400,2970,0.00
1168,401,2966,0.00
1169,401,2971,0.00
1170,404,2959,0.00
1171,384,2960,0.00
1172,398,2957,0.00
1173,387,2962,0.00
1174,403,2961,0.00
1175,398,2960,0.00
1176,421,2160,0.00
1177,425,2001,0.00
1178,548,1931,0.00
1179,610,1899,0.00
1180,631,1887,0.00
1181,594,1879,0.00
1182,581,1877,0.00
1183,583,1872,0.00
1184,557,1872,0.00
1185,562,1862,0.00
